1 0.47265625 0.50078125 0.13828125 0.18515625
1 0.38515625 0.56875 0.2015625 0.18828125
1 0.565625 0.6015625 0.13828125 0.121875
2 0.57109375 0.41796875 0.19921875 0.30078125
1 0.49140625 0.59453125 0.1140625 0.06640625
2 0.52890625 0.7296875 0.2140625 0.16171875
2 0.27734375 0.67890625 0.30234375 0.2171875
2 0.31796875 0.36640625 0.24765625 0.2390625
0 0.475 0.215625 0.24921875 0.39765625
0 0.153125 0.42421875 0.30078125 0.30546875
0 0.3875 0.86640625 0.26875 0.2671875
2 0.72890625 0.7171875 0.2390625 0.240625
2 0.7203125 0.4671875 0.23359375 0.271875
0 0.75234375 0.3296875 0.215625 0.20625
2 0.36640625 0.28046875 0.19296875 0.2375
2 0.853125 0.63984375 0.28046875 0.21484375
2 0.22265625 0.23125 0.09921875 0.08828125