1 0.4359375 0.55078125 0.1671875 0.1640625
1 0.45625 0.67109375 0.1890625 0.1375
1 0.51796875 0.59453125 0.0921875 0.115625
1 0.58671875 0.57578125 0.08125 0.1671875
2 0.3796875 0.3859375 0.2515625 0.3234375
2 0.61875 0.41953125 0.1890625 0.228125
2 0.265625 0.765625 0.3 0.2953125
2 0.77109375 0.48828125 0.290625 0.2515625
0 0.6921875 0.778125 0.3328125 0.346875
0 0.32734375 0.86328125 0.3140625 0.271875
0 0.8734375 0.68046875 0.253125 0.3875
0 0.303125 0.19921875 0.346875 0.3984375
0 0.6078125 0.23671875 0.3125 0.465625
0 0.74609375 0.26796875 0.10625 0.2109375
0 0.1625 0.4484375 0.325 0.3875
0 0.63671875 0.9125 0.2703125 0.175