1 0.465625 0.42890625 0.1890625 0.2
1 0.47890625 0.55546875 0.1765625 0.1546875
2 0.56640625 0.32890625 0.246875 0.328125
2 0.44765625 0.63125 0.2984375 0.1890625
2 0.66171875 0.49375 0.2203125 0.3078125
2 0.27109375 0.4515625 0.2796875 0.2765625
2 0.3015625 0.221875 0.3140625 0.3734375
0 0.43515625 0.1484375 0.1859375 0.296875
0 0.62734375 0.18125 0.3109375 0.3625
0 0.77421875 0.284375 0.3453125 0.2984375
2 0.13515625 0.30625 0.2703125 0.296875
2 0.15859375 0.5421875 0.3171875 0.290625
2 0.265625 0.73671875 0.3953125 0.2578125
2 0.54765625 0.77421875 0.2828125 0.23125
0 0.8375 0.75 0.325 0.34375
2 0.8578125 0.378125 0.284375 0.284375
0 0.43671875 0.8796875 0.3359375 0.240625