0 0.7484375 0.85546875 0.378125 0.2890625
2 0.50546875 0.46875 0.184375 0.2703125
1 0.459375 0.5484375 0.1125 0.109375
1 0.51484375 0.68046875 0.1421875 0.0921875
2 0.26796875 0.44140625 0.346875 0.3015625
0 0.24375 0.2265625 0.421875 0.39375
0 0.5390625 0.2046875 0.309375 0.284375
2 0.60859375 0.2921875 0.225 0.26875
0 0.80859375 0.4921875 0.3796875 0.3359375
0 0.77265625 0.3671875 0.234375 0.240625
0 0.1109375 0.66796875 0.221875 0.33125
0 0.35546875 0.9234375 0.271875 0.153125
0 0.43984375 0.79140625 0.334375 0.284375