1 0.421875 0.3875 0.1546875 0.19296875
2 0.33203125 0.49375 0.2234375 0.2390625
2 0.53828125 0.4796875 0.134375 0.19453125
2 0.54140625 0.56875 0.253125 0.26484375
2 0.240625 0.2296875 0.28125 0.34453125
2 0.50390625 0.2203125 0.18984375 0.3703125
2 0.69921875 0.296875 0.2265625 0.34375
2 0.7625 0.63984375 0.23125 0.31171875
0 0.4515625 0.825 0.26796875 0.215625
0 0.7078125 0.85390625 0.259375 0.2703125
2 0.3 0.64296875 0.25625 0.23046875
2 0.125 0.415625 0.23828125 0.253125
0 0.15625 0.69609375 0.23828125 0.3
0 0.7265625 0.10546875 0.26484375 0.2109375
0 0.8796875 0.521875 0.240625 0.253125