1 0.56953125 0.5046875 0.121875 0.1265625
1 0.56484375 0.60546875 0.125 0.11875
2 0.43515625 0.5421875 0.25 0.1984375
2 0.40703125 0.6390625 0.2359375 0.146875
2 0.64765625 0.6328125 0.203125 0.1125
1 0.64296875 0.459375 0.1328125 0.1515625
1 0.60234375 0.57421875 0.1328125 0.1046875
2 0.71328125 0.515625 0.140625 0.134375
2 0.4125 0.34765625 0.2765625 0.31875
2 0.27109375 0.69609375 0.3421875 0.2390625
0 0.1640625 0.4125 0.328125 0.34375
0 0.1359375 0.28359375 0.271875 0.1765625
0 0.34609375 0.15234375 0.321875 0.3046875
0 0.58125 0.24921875 0.2796875 0.39375
0 0.74453125 0.16640625 0.2828125 0.2796875
0 0.8328125 0.3640625 0.334375 0.3125
0 0.70546875 0.84375 0.3859375 0.3109375