1 0.5015625 0.45703125 0.13125 0.10625
1 0.6390625 0.45234375 0.1375 0.184375
2 0.59140625 0.56953125 0.2328125 0.1890625
2 0.3703125 0.47265625 0.375 0.3296875
2 0.36796875 0.3453125 0.2515625 0.2609375
2 0.525 0.284375 0.2140625 0.3609375
2 0.7140625 0.3234375 0.1921875 0.2921875
2 0.6203125 0.63984375 0.24375 0.1328125
2 0.525 0.8421875 0.271875 0.315625
0 0.79921875 0.7953125 0.3828125 0.359375
2 0.64453125 0.1515625 0.259375 0.3
2 0.88125 0.34296875 0.2375 0.3203125
0 0.20078125 0.41171875 0.4015625 0.2796875
2 0.3265625 0.58359375 0.3515625 0.178125
2 0.83671875 0.5421875 0.2421875 0.2375
2 0.92265625 0.49921875 0.1546875 0.1734375