2 0.55390625 0.51875 0.1609375 0.2296875
2 0.33203125 0.4453125 0.22421875 0.296875
2 0.64140625 0.53125 0.1203125 0.25625
2 0.46640625 0.5875 0.25546875 0.1703125
2 0.3296875 0.26171875 0.240625 0.32109375
2 0.534375 0.27734375 0.22265625 0.29453125
0 0.5234375 0.13046875 0.271875 0.25546875
2 0.2390625 0.5171875 0.23125 0.24296875
2 0.1484375 0.45234375 0.26171875 0.33203125
0 0.18671875 0.77109375 0.3296875 0.2984375
2 0.34609375 0.7359375 0.26484375 0.12109375
2 0.63828125 0.85546875 0.26484375 0.2578125
0 0.84609375 0.6421875 0.29453125 0.3578125
2 0.68359375 0.40390625 0.1375 0.3578125