1 0.475 0.4734375 0.159375 0.209375
1 0.50078125 0.57578125 0.1125 0.0765625
2 0.38125 0.54609375 0.215625 0.1921875
1 0.57734375 0.5859375 0.1484375 0.140625
2 0.578125 0.3828125 0.19375 0.33125
2 0.3171875 0.33203125 0.2546875 0.2546875
2 0.740625 0.4421875 0.25 0.2859375
0 0.475 0.184375 0.28125 0.36875
0 0.76015625 0.2828125 0.253125 0.234375
2 0.746875 0.7046875 0.2640625 0.2484375
2 0.85078125 0.61171875 0.2984375 0.2421875
2 0.2734375 0.6703125 0.33125 0.2359375
0 0.390625 0.85625 0.278125 0.2875
2 0.5453125 0.7140625 0.2265625 0.18125
0 0.1578125 0.39765625 0.315625 0.3390625
2 0.2421875 0.21171875 0.1734375 0.134375
2 0.375 0.24921875 0.2234375 0.26875