2 0.5390625 0.58359375 0.234375 0.2109375
2 0.37734375 0.5046875 0.31875 0.2609375
2 0.2671875 0.62265625 0.3375 0.21875
1 0.628125 0.4828125 0.1296875 0.228125
2 0.7515625 0.48515625 0.2703125 0.25625
2 0.23515625 0.28046875 0.425 0.396875
0 0.32265625 0.11796875 0.2953125 0.2234375
2 0.490625 0.296875 0.2890625 0.4125
2 0.671875 0.2140625 0.35 0.38125
0 0.859375 0.35234375 0.28125 0.3234375
0 0.18125 0.61015625 0.3625 0.3109375
2 0.45859375 0.78203125 0.2515625 0.225
0 0.28203125 0.83046875 0.2375 0.2328125
2 0.79140625 0.825 0.3140625 0.3171875
0 0.86015625 0.6734375 0.2796875 0.296875
2 0.184375 0.43828125 0.2 0.1359375