2 0.6109375 0.46796875 0.2203125 0.28125
2 0.35390625 0.43125 0.303125 0.3671875
2 0.70859375 0.465625 0.18125 0.303125
2 0.528125 0.56015625 0.3109375 0.234375
2 0.31640625 0.23203125 0.3234375 0.396875
2 0.54296875 0.20859375 0.3 0.3640625
0 0.50859375 0.10703125 0.3296875 0.2140625
2 0.26640625 0.5265625 0.2984375 0.309375
2 0.16484375 0.4734375 0.3296875 0.4125
0 0.25703125 0.81015625 0.4171875 0.3796875
2 0.425 0.74453125 0.3125 0.1828125
2 0.7640625 0.81796875 0.3375 0.3296875
0 0.878125 0.55390625 0.24375 0.4265625
2 0.7296875 0.3171875 0.21875 0.4171875