1 0.45078125 0.5890625 0.11875 0.14140625
2 0.4078125 0.4765625 0.24609375 0.34375
2 0.44921875 0.68046875 0.25625 0.11953125
2 0.6828125 0.56015625 0.16328125 0.18515625
2 0.5734375 0.3140625 0.196875 0.31640625
1 0.56796875 0.52890625 0.0765625 0.18359375
0 0.60234375 0.86015625 0.2734375 0.27890625
0 0.846875 0.76796875 0.30625 0.359375
2 0.3359375 0.7453125 0.33046875 0.22265625
0 0.17421875 0.85 0.2765625 0.29921875
2 0.2390625 0.52578125 0.32734375 0.26796875
0 0.159375 0.403125 0.30234375 0.30390625
0 0.4109375 0.18046875 0.31640625 0.3609375
0 0.75 0.33671875 0.253125 0.37890625
1 0.59453125 0.6765625 0.11953125 0.11484375