1 0.57109375 0.50234375 0.1015625 0.1125
2 0.38671875 0.31328125 0.2703125 0.309375
2 0.6078125 0.375 0.2234375 0.2
2 0.55859375 0.55078125 0.215625 0.178125
2 0.3296875 0.540625 0.3734375 0.1765625
2 0.61640625 0.68203125 0.259375 0.1984375
2 0.7359375 0.4890625 0.1875 0.196875
2 0.8375 0.703125 0.3140625 0.2515625
2 0.5921875 0.1828125 0.2609375 0.2765625
0 0.39609375 0.140625 0.2890625 0.28125
2 0.1921875 0.29375 0.3296875 0.29375
0 0.2234375 0.53671875 0.446875 0.3015625
2 0.3515625 0.715625 0.340625 0.2921875
0 0.6671875 0.859375 0.378125 0.28125
0 0.825 0.2984375 0.35 0.496875
2 0.8359375 0.4 0.2296875 0.25
2 0.5140625 0.52578125 0.2015625 0.1265625