2 0.49140625 0.40234375 0.1765625 0.19375
2 0.47890625 0.6140625 0.2765625 0.16875
2 0.5078125 0.5578125 0.246875 0.2453125
2 0.2859375 0.43671875 0.28125 0.2875
2 0.60234375 0.35546875 0.234375 0.4140625
2 0.68515625 0.46171875 0.228125 0.29375
2 0.56796875 0.76796875 0.2796875 0.215625
2 0.3375 0.18203125 0.303125 0.3609375
0 0.17109375 0.24453125 0.3421875 0.2671875
2 0.16171875 0.52421875 0.3234375 0.2765625
2 0.25390625 0.7421875 0.36875 0.2625
0 0.4484375 0.8890625 0.340625 0.221875
0 0.84609375 0.75859375 0.3078125 0.3390625
0 0.821875 0.428125 0.35625 0.3875
0 0.66640625 0.1609375 0.3140625 0.321875
0 0.84140625 0.25078125 0.2578125 0.2484375
0 0.46875 0.1328125 0.190625 0.265625
2 0.09765625 0.3953125 0.1109375 0.096875