2 0.4484375 0.37265625 0.171875 0.190625
2 0.3515625 0.49296875 0.2359375 0.2078125
2 0.49375 0.54140625 0.128125 0.1109375
2 0.53515625 0.40390625 0.1 0.18125
1 0.4625 0.475 0.0984375 0.1015625
2 0.5140625 0.56328125 0.1859375 0.165625
2 0.2875 0.36875 0.284375 0.290625
2 0.2625 0.53359375 0.3296875 0.2375
2 0.68359375 0.4390625 0.246875 0.3515625
2 0.4359375 0.23828125 0.20625 0.215625
2 0.47421875 0.746875 0.2625 0.23125
0 0.22109375 0.21328125 0.265625 0.1890625
2 0.3765625 0.1203125 0.1484375 0.1453125
0 0.60703125 0.2421875 0.3390625 0.484375
0 0.83046875 0.70390625 0.3390625 0.4046875
0 0.30390625 0.846875 0.3140625 0.30625
0 0.13359375 0.5265625 0.2671875 0.28125