1 0.44296875 0.58671875 0.153125 0.1734375
2 0.3765625 0.4734375 0.328125 0.415625
2 0.459375 0.68515625 0.296875 0.1765625
2 0.6859375 0.51171875 0.209375 0.2296875
2 0.52265625 0.26796875 0.2703125 0.3765625
1 0.55703125 0.5 0.115625 0.2109375
0 0.65234375 0.83515625 0.3421875 0.3296875
0 0.85078125 0.7046875 0.2984375 0.440625
2 0.35 0.77578125 0.3953125 0.3
0 0.2046875 0.865625 0.328125 0.26875
2 0.2046875 0.559375 0.4 0.3484375
0 0.14296875 0.4359375 0.2859375 0.375
0 0.328125 0.1890625 0.39375 0.378125
0 0.71640625 0.25859375 0.3421875 0.4546875
1 0.6140625 0.653125 0.15 0.1453125