3 0.53515625 0.5125 0.09921875 0.08671875
1 0.43359375 0.48671875 0.178125 0.17421875
1 0.61171875 0.425 0.1453125 0.25234375
2 0.4859375 0.59921875 0.24765625 0.090625
2 0.6984375 0.48515625 0.3390625 0.2703125
2 0.315625 0.51640625 0.33359375 0.14765625
2 0.66484375 0.6640625 0.1890625 0.14609375
2 0.81484375 0.32265625 0.19765625 0.11796875
2 0.36796875 0.3296875 0.30859375 0.3078125
2 0.61484375 0.2109375 0.23515625 0.33828125
2 0.39765625 0.17421875 0.24140625 0.2421875
2 0.1890625 0.37578125 0.29921875 0.23203125
2 0.17734375 0.49609375 0.34375 0.23046875
2 0.37265625 0.65234375 0.24921875 0.09921875
2 0.79453125 0.55703125 0.37578125 0.21171875
2 0.8078125 0.1453125 0.3078125 0.290625
2 0.58515625 0.84296875 0.315625 0.29453125