1 0.48515625 0.43359375 0.1265625 0.1015625
1 0.61640625 0.42890625 0.1328125 0.178125
2 0.57109375 0.5421875 0.2234375 0.1828125
2 0.359375 0.4484375 0.359375 0.3171875
2 0.35703125 0.325 0.240625 0.25
2 0.50859375 0.2671875 0.2046875 0.346875
2 0.6890625 0.30390625 0.184375 0.28125
2 0.5984375 0.609375 0.234375 0.128125
2 0.5046875 0.825 0.2625 0.35
0 0.76953125 0.75859375 0.3671875 0.346875
2 0.621875 0.1421875 0.2484375 0.284375
2 0.86875 0.325 0.2625 0.309375
0 0.1953125 0.3890625 0.390625 0.26875
2 0.31796875 0.5546875 0.3359375 0.171875
2 0.80625 0.51484375 0.2328125 0.228125
2 0.90625 0.47421875 0.1875 0.1703125