1 0.46328125 0.52265625 0.1984375 0.2109375
1 0.40859375 0.58046875 0.2390625 0.1796875
1 0.59921875 0.5640625 0.171875 0.1921875
2 0.509375 0.37265625 0.246875 0.2875
2 0.7078125 0.43984375 0.20625 0.2609375
2 0.603125 0.6390625 0.25625 0.2203125
2 0.3625 0.678125 0.2609375 0.146875
2 0.50078125 0.85234375 0.275 0.209375
2 0.71953125 0.6796875 0.2140625 0.240625
2 0.4390625 0.21640625 0.3015625 0.353125
0 0.45859375 0.12734375 0.3328125 0.2546875
2 0.71015625 0.290625 0.265625 0.3125
2 0.8640625 0.47890625 0.271875 0.2578125
2 0.2953125 0.34609375 0.2390625 0.325
2 0.18046875 0.378125 0.3609375 0.34375
2 0.2640625 0.59140625 0.365625 0.2171875
0 0.2234375 0.8515625 0.3609375 0.271875