0 0.58515625 0.85390625 0.2953125 0.2921875
0 0.85234375 0.75078125 0.2953125 0.3640625
0 0.14921875 0.85234375 0.2765625 0.2953125
0 0.20546875 0.52109375 0.3328125 0.2828125
0 0.309375 0.74453125 0.353125 0.2515625
0 0.73046875 0.3328125 0.2875 0.35625
0 0.38046875 0.1578125 0.3234375 0.315625
2 0.375 0.459375 0.240625 0.3453125
2 0.5640625 0.3234375 0.184375 0.3625
2 0.42578125 0.66796875 0.2671875 0.1328125
2 0.6265625 0.58984375 0.23125 0.2671875
1 0.53984375 0.51015625 0.09375 0.184375
0 0.115625 0.39140625 0.23125 0.2765625