2 0.3046875 0.44375 0.203125 0.2546875
2 0.18046875 0.509375 0.2109375 0.2421875
2 0.40546875 0.5625 0.25234375 0.2140625
2 0.58828125 0.55234375 0.14375 0.20234375
2 0.49921875 0.33046875 0.21015625 0.4109375
2 0.5125 0.12421875 0.27265625 0.21875
2 0.640625 0.340625 0.090625 0.27890625
2 0.103125 0.42109375 0.19296875 0.24921875
2 0.29375 0.26484375 0.221875 0.35
0 0.16484375 0.790625 0.32890625 0.290625
0 0.82265625 0.665625 0.33046875 0.3640625
2 0.59296875 0.86796875 0.25703125 0.25
2 0.31875 0.74921875 0.3359375 0.15078125