2 0.39609375 0.49375 0.20234375 0.15859375
1 0.546875 0.47265625 0.09375 0.09375
2 0.58515625 0.47265625 0.16484375 0.18125
2 0.421875 0.32265625 0.2203125 0.29296875
2 0.4015625 0.58125 0.31484375 0.153125
2 0.22265625 0.6015625 0.35703125 0.1890625
0 0.39453125 0.1375 0.2671875 0.259375
0 0.153125 0.35078125 0.3015625 0.2796875
0 0.18125 0.24296875 0.24140625 0.1265625
2 0.5953125 0.24921875 0.25234375 0.325
0 0.76875 0.215625 0.1640625 0.16640625
0 0.8125 0.38828125 0.3390625 0.2625
0 0.59609375 0.83125 0.340625 0.3375
2 0.1484375 0.65546875 0.25703125 0.30546875
2 0.61328125 0.5875 0.128125 0.13828125
2 0.67734375 0.54140625 0.11171875 0.20859375