2 0.59765625 0.31171875 0.1875 0.2515625
2 0.47265625 0.309375 0.1359375 0.146875
2 0.52578125 0.43203125 0.2234375 0.20625
2 0.61015625 0.1671875 0.2375 0.2765625
2 0.48046875 0.11796875 0.1890625 0.2359375
0 0.79921875 0.21875 0.2734375 0.3375
2 0.740625 0.49140625 0.221875 0.3265625
0 0.86484375 0.4515625 0.2703125 0.278125
2 0.38828125 0.31484375 0.1921875 0.35
2 0.521875 0.5828125 0.2796875 0.225
2 0.2515625 0.265625 0.3015625 0.41875
0 0.23359375 0.54375 0.3671875 0.203125
0 0.159375 0.32265625 0.3 0.1734375
0 0.6609375 0.84609375 0.290625 0.3078125
2 0.2 0.81875 0.1375 0.3125
0 0.590625 0.06015625 0.265625 0.1203125