1 0.425 0.3875 0.1671875 0.2046875
2 0.32734375 0.490625 0.2390625 0.2546875
2 0.53828125 0.4875 0.146875 0.2046875
2 0.53671875 0.578125 0.271875 0.2828125
2 0.2484375 0.21796875 0.3046875 0.365625
2 0.51796875 0.22265625 0.2125 0.3859375
2 0.71171875 0.31015625 0.2484375 0.3609375
2 0.7578125 0.6625 0.2515625 0.3296875
0 0.43203125 0.83359375 0.284375 0.2328125
0 0.6890625 0.865625 0.278125 0.26875
2 0.28671875 0.640625 0.2734375 0.2484375
2 0.1234375 0.3984375 0.246875 0.26875
0 0.13828125 0.68671875 0.2578125 0.3171875
0 0.7484375 0.1171875 0.2796875 0.2234375
0 0.87578125 0.5453125 0.2484375 0.271875