0 0.728125 0.83984375 0.434375 0.3203125
2 0.5046875 0.41484375 0.2234375 0.309375
1 0.446875 0.496875 0.1328125 0.1296875
1 0.49453125 0.64453125 0.1609375 0.1125
2 0.25078125 0.36328125 0.4 0.3578125
0 0.24921875 0.1796875 0.4703125 0.359375
0 0.56171875 0.1484375 0.3578125 0.296875
2 0.63125 0.23359375 0.2671875 0.3109375
0 0.80234375 0.46484375 0.3953125 0.3984375
0 0.80078125 0.33125 0.2734375 0.28125
0 0.09765625 0.59453125 0.1953125 0.3734375
0 0.29921875 0.896875 0.309375 0.2
0 0.403125 0.75703125 0.3859375 0.3390625