1 0.571875 0.50234375 0.1234375 0.1265625
1 0.5546875 0.6 0.125 0.1203125
2 0.43515625 0.5234375 0.2484375 0.2
2 0.3953125 0.61484375 0.2359375 0.1484375
2 0.6328125 0.6375 0.2015625 0.1140625
1 0.6484375 0.4671875 0.1328125 0.1515625
1 0.5953125 0.575 0.1328125 0.10625
2 0.71171875 0.53046875 0.140625 0.134375
2 0.4359375 0.32890625 0.278125 0.31875
2 0.25546875 0.6546875 0.340625 0.2421875
0 0.17578125 0.36328125 0.3515625 0.3453125
0 0.16796875 0.23359375 0.284375 0.1796875
0 0.3953125 0.140625 0.321875 0.28125
0 0.61328125 0.253125 0.2828125 0.39375
0 0.78359375 0.19140625 0.2828125 0.28125
0 0.83984375 0.396875 0.3203125 0.315625
0 0.6640625 0.84765625 0.3875 0.3046875