1 0.6140625 0.51953125 0.1109375 0.121875
2 0.3859375 0.35078125 0.2953125 0.3359375
2 0.63125 0.37890625 0.24375 0.2171875
2 0.60859375 0.57265625 0.234375 0.1953125
2 0.36328125 0.60078125 0.4046875 0.1953125
2 0.69140625 0.70234375 0.2828125 0.2171875
2 0.78671875 0.478125 0.2046875 0.2140625
2 0.8796875 0.690625 0.240625 0.26875
2 0.58203125 0.178125 0.2859375 0.3015625
0 0.3625 0.159375 0.315625 0.31875
2 0.17734375 0.36171875 0.3546875 0.3203125
0 0.246875 0.615625 0.49375 0.33125
2 0.415625 0.7828125 0.3703125 0.31875
0 0.77734375 0.8609375 0.40625 0.265625
0 0.82734375 0.2640625 0.3453125 0.528125
2 0.875 0.36640625 0.25 0.2703125
2 0.55625 0.55390625 0.21875 0.1390625