1 0.465625 0.4765625 0.15625 0.20625
1 0.48984375 0.5796875 0.1109375 0.075
2 0.3703125 0.546875 0.2125 0.1875
1 0.565625 0.590625 0.1453125 0.1375
2 0.5703125 0.3875 0.1875 0.328125
2 0.31015625 0.33203125 0.25 0.25
2 0.73203125 0.44921875 0.24375 0.28125
0 0.46953125 0.18515625 0.2734375 0.3703125
0 0.75390625 0.290625 0.2484375 0.23125
2 0.73359375 0.71171875 0.259375 0.24375
2 0.84609375 0.62265625 0.30625 0.2375
2 0.26015625 0.6703125 0.328125 0.23125
0 0.37578125 0.859375 0.275 0.28125
2 0.53125 0.71796875 0.2234375 0.178125
0 0.15234375 0.3953125 0.303125 0.334375
2 0.2375 0.2109375 0.171875 0.13125
2 0.3703125 0.25078125 0.21875 0.265625