2 0.34453125 0.45 0.221875 0.253125
2 0.59921875 0.53046875 0.1703125 0.3203125
2 0.47109375 0.653125 0.2359375 0.3453125
2 0.52734375 0.8359375 0.2546875 0.146875
2 0.6984375 0.425 0.178125 0.3359375
2 0.73515625 0.6140625 0.209375 0.21875
2 0.5265625 0.3046875 0.234375 0.421875
2 0.3015625 0.26875 0.228125 0.3125
2 0.48203125 0.2234375 0.2484375 0.446875
2 0.72421875 0.30625 0.234375 0.275
2 0.16875 0.25 0.2796875 0.3234375
2 0.2203125 0.54140625 0.440625 0.4421875
0 0.89296875 0.55078125 0.2140625 0.3265625
0 0.18203125 0.83046875 0.3640625 0.3140625