1 0.5625 0.50625 0.1125 0.115625
1 0.55234375 0.60234375 0.11484375 0.10859375
2 0.43125 0.53671875 0.23046875 0.17890625
2 0.39921875 0.62734375 0.22109375 0.1296875
2 0.63125 0.63359375 0.18984375 0.09765625
1 0.63515625 0.4671875 0.1203125 0.13828125
1 0.58984375 0.57578125 0.12265625 0.09453125
2 0.7 0.52421875 0.128125 0.121875
2 0.41875 0.34765625 0.2515625 0.29296875
2 0.265625 0.675 0.3171875 0.21328125
0 0.16875 0.39921875 0.32265625 0.3140625
0 0.1515625 0.2734375 0.26640625 0.15625
0 0.365625 0.15078125 0.2953125 0.29375
0 0.5859375 0.2625 0.25 0.36640625
0 0.746875 0.19140625 0.25859375 0.25546875
0 0.834375 0.38671875 0.328125 0.2859375
0 0.678125 0.85 0.35703125 0.29921875