1 0.4921875 0.61875 0.10625 0.1375
1 0.45625 0.6109375 0.1765625 0.159375
1 0.54921875 0.540625 0.1171875 0.228125
0 0.46640625 0.35859375 0.253125 0.4265625
2 0.27890625 0.4765625 0.24375 0.2984375
2 0.703125 0.45859375 0.2109375 0.21875
2 0.48671875 0.7828125 0.1609375 0.20625
0 0.23671875 0.27421875 0.3609375 0.5
0 0.19375 0.54140625 0.3875 0.2859375
0 0.215625 0.76875 0.3859375 0.3203125
0 0.5140625 0.0796875 0.30625 0.159375
0 0.60546875 0.2828125 0.2578125 0.4640625
0 0.82890625 0.39609375 0.3203125 0.3453125
0 0.80546875 0.84609375 0.1734375 0.2921875