2 0.31953125 0.5109375 0.2421875 0.271875
2 0.60078125 0.53828125 0.190625 0.3390625
2 0.4953125 0.69140625 0.2609375 0.3671875
2 0.59296875 0.865625 0.271875 0.1625
2 0.6796875 0.4078125 0.1984375 0.3546875
2 0.759375 0.59296875 0.228125 0.2359375
2 0.47578125 0.32265625 0.2609375 0.446875
2 0.23671875 0.33515625 0.25 0.3328125
2 0.4125 0.24453125 0.2765625 0.4828125
2 0.68125 0.28125 0.2546875 0.2953125
2 0.121875 0.34375 0.24375 0.34375
2 0.2234375 0.63046875 0.446875 0.4734375
0 0.89453125 0.49296875 0.2109375 0.3453125
0 0.23046875 0.884375 0.3921875 0.23125