0 0.26484375 0.175 0.31015625 0.35
1 0.47734375 0.5578125 0.06640625 0.10546875
1 0.54609375 0.53828125 0.06796875 0.146875
1 0.41953125 0.63515625 0.15 0.12890625
1 0.3875 0.50703125 0.13203125 0.13125
2 0.57109375 0.3984375 0.178125 0.225
2 0.34609375 0.34609375 0.2265625 0.3046875
2 0.7078125 0.45390625 0.28046875 0.23359375
2 0.24375 0.72421875 0.2796875 0.28203125
0 0.55390625 0.25 0.29453125 0.49609375
0 0.85078125 0.63828125 0.28359375 0.3625
2 0.63671875 0.7328125 0.29453125 0.33125
0 0.153125 0.4375 0.30625 0.3375
0 0.30234375 0.85625 0.2984375 0.2875
0 0.690625 0.2453125 0.08125 0.19765625
0 0.59375 0.88984375 0.23046875 0.2203125