0 0.18203125 0.5046875 0.3640625 0.434375
1 0.478125 0.425 0.1328125 0.140625
2 0.33828125 0.38359375 0.2109375 0.24375
2 0.48828125 0.54375 0.3 0.2109375
2 0.64375 0.33359375 0.23125 0.2828125
0 0.2734375 0.828125 0.315625 0.3390625
0 0.63671875 0.81328125 0.35 0.2984375
0 0.821875 0.8140625 0.309375 0.371875
0 0.15859375 0.27109375 0.203125 0.1359375
0 0.3171875 0.17421875 0.3625 0.3484375
0 0.67421875 0.15234375 0.3328125 0.303125
0 0.796875 0.43515625 0.3875 0.2546875
0 0.8328125 0.6046875 0.334375 0.240625