1 0.46796875 0.4328125 0.1671875 0.17890625
1 0.46875 0.55625 0.15859375 0.13515625
2 0.5765625 0.3453125 0.21171875 0.30078125
2 0.4296875 0.6265625 0.27734375 0.15625
2 0.65234375 0.515625 0.18671875 0.2828125
2 0.2765625 0.434375 0.24921875 0.24453125
2 0.3296875 0.21484375 0.27265625 0.33828125
0 0.46875 0.1546875 0.1546875 0.284375
0 0.6515625 0.2046875 0.26953125 0.33515625
0 0.7828125 0.3234375 0.3125 0.26015625
2 0.14921875 0.278125 0.25859375 0.2640625
2 0.1515625 0.5125 0.30234375 0.25234375
2 0.2421875 0.7109375 0.36640625 0.2140625
2 0.51328125 0.77578125 0.25703125 0.2
0 0.8203125 0.78515625 0.33125 0.3015625
2 0.86484375 0.425 0.2671875 0.25
0 0.3953125 0.88359375 0.31015625 0.23046875