2 0.31875 0.41484375 0.246875 0.2890625
2 0.184375 0.4578125 0.2515625 0.278125
2 0.3984375 0.55 0.2875 0.25625
2 0.58203125 0.571875 0.178125 0.2265625
2 0.53203125 0.3359375 0.2796875 0.4453125
2 0.58125 0.13359375 0.309375 0.2640625
2 0.6703125 0.37109375 0.1390625 0.2921875
2 0.1234375 0.35625 0.2359375 0.28125
2 0.33984375 0.234375 0.28125 0.3859375
0 0.15390625 0.73359375 0.3078125 0.3453125
0 0.79453125 0.72578125 0.3921875 0.41875
2 0.52734375 0.86796875 0.2984375 0.2640625
2 0.2796875 0.71953125 0.359375 0.209375