1 0.571875 0.49296875 0.0921875 0.10390625
2 0.378125 0.32109375 0.2453125 0.2875
2 0.59921875 0.36640625 0.2078125 0.18125
2 0.5625 0.54140625 0.20078125 0.16171875
2 0.3375 0.546875 0.3578125 0.1484375
2 0.628125 0.665625 0.24296875 0.178125
2 0.73203125 0.46875 0.171875 0.18125
2 0.85078125 0.67265625 0.29609375 0.22734375
2 0.5703125 0.1796875 0.2390625 0.25625
0 0.37578125 0.14453125 0.265625 0.27265625
2 0.1859375 0.31484375 0.30546875 0.26796875
0 0.22265625 0.5515625 0.4453125 0.265625
2 0.37109375 0.71640625 0.31640625 0.26484375
0 0.69453125 0.85625 0.3515625 0.2875
0 0.81796875 0.2765625 0.334375 0.465625
2 0.82421875 0.375 0.21015625 0.23046875
2 0.5171875 0.51953125 0.18984375 0.1109375