2 0.5671875 0.5046875 0.1890625 0.253125
2 0.33203125 0.453125 0.2625 0.328125
2 0.65859375 0.50859375 0.1515625 0.275
2 0.48515625 0.58515625 0.2796875 0.2015625
2 0.31015625 0.265625 0.28125 0.3546875
2 0.52109375 0.25859375 0.259375 0.325
0 0.49375 0.1265625 0.303125 0.253125
2 0.24453125 0.53671875 0.2625 0.2734375
2 0.1484375 0.4796875 0.296875 0.36875
0 0.21875 0.803125 0.36875 0.340625
2 0.37734375 0.74921875 0.284375 0.153125
2 0.68984375 0.840625 0.2984375 0.2921875
0 0.85390625 0.5984375 0.2921875 0.39375
2 0.68671875 0.37265625 0.1796875 0.38125