0 0.7453125 0.84921875 0.3796875 0.3015625
1 0.4890625 0.55859375 0.15 0.14296875
1 0.53046875 0.6640625 0.13515625 0.07265625
1 0.51953125 0.453125 0.1828125 0.2234375
2 0.28671875 0.44921875 0.33046875 0.3078125
2 0.61640625 0.3375 0.21953125 0.3609375
0 0.4546875 0.77578125 0.31015625 0.275
0 0.1375 0.65546875 0.23203125 0.3203125
0 0.37578125 0.91484375 0.25078125 0.16953125
0 0.8109375 0.484375 0.3703125 0.33203125
0 0.771875 0.384375 0.2453125 0.2578125
0 0.2578125 0.240625 0.4046875 0.36328125
0 0.54375 0.19453125 0.28515625 0.25859375