1 0.565625 0.51171875 0.11875 0.1296875
1 0.5609375 0.5890625 0.0734375 0.071875
2 0.409375 0.52734375 0.259375 0.21875
2 0.64453125 0.51875 0.146875 0.215625
2 0.39921875 0.61015625 0.2515625 0.1609375
2 0.42734375 0.3328125 0.315625 0.315625
2 0.64765625 0.59140625 0.26875 0.24375
2 0.2375 0.64921875 0.3515625 0.2609375
0 0.17734375 0.359375 0.3546875 0.353125
0 0.16796875 0.22265625 0.2890625 0.178125
0 0.40859375 0.1453125 0.3421875 0.290625
2 0.65 0.27890625 0.3484375 0.415625
0 0.83984375 0.42578125 0.3203125 0.3203125
0 0.7296875 0.190625 0.44375 0.24375
2 0.2203125 0.68515625 0.3890625 0.3421875
0 0.63984375 0.85078125 0.4078125 0.2984375