2 0.5078125 0.60703125 0.2421875 0.2203125
2 0.36875 0.4859375 0.328125 0.271875
2 0.22890625 0.57421875 0.346875 0.2296875
1 0.62109375 0.53046875 0.1359375 0.234375
2 0.7421875 0.56484375 0.2796875 0.2671875
2 0.28828125 0.22734375 0.440625 0.4125
0 0.4171875 0.10234375 0.303125 0.2046875
2 0.53515625 0.3109375 0.3015625 0.425
2 0.73671875 0.2765625 0.3625 0.39375
0 0.86953125 0.4625 0.2609375 0.334375
0 0.16796875 0.5390625 0.3359375 0.321875
2 0.375 0.78125 0.259375 0.234375
0 0.1890625 0.7828125 0.2453125 0.2421875
2 0.69453125 0.8734375 0.3234375 0.253125
0 0.8171875 0.78515625 0.3265625 0.3078125
2 0.196875 0.36796875 0.20625 0.1421875