0 0.59609375 0.85546875 0.27890625 0.27890625
0 0.85625 0.75859375 0.2875 0.3453125
0 0.17890625 0.84765625 0.2609375 0.284375
0 0.2359375 0.52578125 0.3140625 0.26484375
0 0.33125 0.74140625 0.33359375 0.23515625
0 0.7421875 0.35390625 0.26953125 0.33671875
0 0.41171875 0.16484375 0.30546875 0.32890625
2 0.39921875 0.46875 0.22421875 0.32734375
2 0.5828125 0.3421875 0.17109375 0.34453125
2 0.44375 0.66953125 0.25390625 0.1234375
2 0.63828125 0.59921875 0.21796875 0.25234375
1 0.55625 0.52109375 0.0859375 0.17578125
0 0.13125 0.4015625 0.2609375 0.2609375