3 0.5703125 0.54765625 0.06875 0.0859375
2 0.40234375 0.43203125 0.26875 0.28125
2 0.4859375 0.58046875 0.23125 0.15625
2 0.58671875 0.68046875 0.221875 0.2125
2 0.6328125 0.38359375 0.2296875 0.35
2 0.7109375 0.43125 0.25 0.25625
2 0.72890625 0.50703125 0.2265625 0.1796875
2 0.56015625 0.859375 0.271875 0.2671875
2 0.42578125 0.60703125 0.3515625 0.171875
0 0.14453125 0.56484375 0.2890625 0.1765625
2 0.1890625 0.68671875 0.2171875 0.1515625
2 0.84375 0.67578125 0.3125 0.3078125
0 0.66796875 0.1703125 0.2875 0.25
0 0.21875 0.31328125 0.31875 0.2828125
0 0.44140625 0.20703125 0.278125 0.396875
0 0.38046875 0.20625 0.3328125 0.4125
2 0.25390625 0.44140625 0.31875 0.278125
2 0.4296875 0.8515625 0.2125 0.296875