1 0.51796875 0.62421875 0.109375 0.175
2 0.22578125 0.58046875 0.284375 0.296875
2 0.36875 0.51953125 0.2421875 0.3703125
2 0.45234375 0.7671875 0.1875 0.1484375
2 0.3015625 0.8 0.3203125 0.175
2 0.63515625 0.6296875 0.21875 0.2890625
2 0.58125 0.38671875 0.215625 0.3171875
2 0.37265625 0.28046875 0.2359375 0.36875
0 0.1625 0.38046875 0.2578125 0.25
0 0.565625 0.16875 0.303125 0.3375
2 0.7625 0.42109375 0.20625 0.3921875
0 0.86484375 0.73046875 0.2703125 0.4140625
0 0.6046875 0.84296875 0.284375 0.3140625
0 0.13984375 0.84453125 0.2484375 0.3109375