1 0.45625 0.50234375 0.16484375 0.178125
1 0.41171875 0.56171875 0.2078125 0.14375
1 0.58671875 0.525 0.14140625 0.1640625
2 0.48203125 0.3578125 0.203125 0.24609375
2 0.6734375 0.396875 0.16640625 0.22421875
2 0.59921875 0.59375 0.21953125 0.18046875
2 0.38046875 0.6578125 0.23125 0.11015625
2 0.528125 0.80234375 0.2390625 0.16796875
2 0.71171875 0.61796875 0.1765625 0.2046875
2 0.3984375 0.2203125 0.24765625 0.3015625
0 0.4078125 0.1234375 0.28203125 0.23359375
2 0.6578125 0.25859375 0.2171875 0.2671875
2 0.84765625 0.41640625 0.27421875 0.2125
2 0.28046875 0.35703125 0.1890625 0.28203125
2 0.1703125 0.403125 0.32421875 0.2875
2 0.2796875 0.5875 0.3234375 0.1640625
0 0.2734375 0.85625 0.31015625 0.2625