1 0.48984375 0.47890625 0.16875 0.2140625
1 0.38828125 0.5421875 0.2375 0.225
1 0.57734375 0.5984375 0.1625 0.146875
2 0.6046875 0.4015625 0.246875 0.3453125
1 0.49921875 0.58203125 0.1296875 0.084375
2 0.52421875 0.73203125 0.2484375 0.1984375
2 0.25859375 0.6484375 0.35 0.26875
2 0.3375 0.3171875 0.29375 0.284375
0 0.5203125 0.2 0.309375 0.4
0 0.165625 0.359375 0.33125 0.359375
0 0.3578125 0.8515625 0.315625 0.296875
2 0.740625 0.740625 0.2828125 0.284375
2 0.759375 0.47109375 0.28125 0.31875
0 0.80859375 0.3265625 0.2546875 0.246875
2 0.4 0.23125 0.234375 0.278125
2 0.85546875 0.66640625 0.28125 0.25625
2 0.2515625 0.1609375 0.1171875 0.10625