1 0.5609375 0.50625 0.103125 0.1171875
1 0.565625 0.5828125 0.065625 0.0640625
2 0.41015625 0.53984375 0.234375 0.1890625
2 0.63984375 0.503125 0.12109375 0.20078125
2 0.41015625 0.6234375 0.234375 0.1328125
2 0.4046875 0.346875 0.27890625 0.28046875
2 0.65078125 0.575 0.240625 0.21328125
2 0.25703125 0.68125 0.321875 0.2203125
0 0.16015625 0.4046875 0.3203125 0.3125
0 0.1359375 0.27109375 0.271875 0.1453125
0 0.3625 0.15390625 0.30625 0.278125
2 0.615625 0.26796875 0.3 0.3765625
0 0.8390625 0.3875 0.321875 0.28125
0 0.6828125 0.17109375 0.4171875 0.19140625
2 0.24453125 0.71875 0.34921875 0.2984375
0 0.67890625 0.853125 0.36640625 0.29296875