2 0.54921875 0.58046875 0.20078125 0.1765625
2 0.40703125 0.48828125 0.27578125 0.2140625
2 0.290625 0.5859375 0.29921875 0.171875
1 0.64375 0.49609375 0.0984375 0.2046875
2 0.759375 0.51171875 0.23046875 0.21640625
2 0.30078125 0.2609375 0.36328125 0.3328125
0 0.40078125 0.11796875 0.2578125 0.18046875
2 0.53671875 0.30546875 0.2296875 0.3640625
2 0.71640625 0.24921875 0.29296875 0.3265625
0 0.88125 0.4015625 0.2375 0.2796875
0 0.1921875 0.565625 0.35859375 0.25625
2 0.45078125 0.75703125 0.215625 0.18828125
0 0.28125 0.7828125 0.20078125 0.196875
2 0.759375 0.8484375 0.265625 0.2921875
0 0.85859375 0.7046875 0.271875 0.25
2 0.234375 0.40234375 0.17734375 0.10703125