0 0.75078125 0.85 0.3671875 0.29921875
2 0.5125 0.4609375 0.1796875 0.26484375
1 0.4671875 0.5390625 0.1109375 0.1078125
1 0.52109375 0.66875 0.13828125 0.090625
2 0.28046875 0.434375 0.3375 0.29453125
0 0.25703125 0.225 0.4109375 0.3859375
0 0.5453125 0.20234375 0.3015625 0.27890625
2 0.6125 0.28828125 0.21875 0.26171875
0 0.8078125 0.484375 0.3703125 0.328125
0 0.77265625 0.3625 0.228125 0.234375
0 0.1203125 0.6578125 0.23125 0.3234375
0 0.36640625 0.915625 0.2671875 0.16875
0 0.4484375 0.77734375 0.325 0.278125