1 0.56484375 0.5015625 0.159375 0.209375
1 0.484375 0.56015625 0.2203125 0.190625
1 0.6859375 0.5796875 0.1734375 0.17421875
2 0.4125 0.67109375 0.32890625 0.190625
2 0.69765625 0.66875 0.26171875 0.13828125
2 0.35078125 0.36171875 0.2890625 0.3140625
2 0.65859375 0.39609375 0.20546875 0.3546875
0 0.19296875 0.45859375 0.3796875 0.2734375
2 0.5671875 0.85234375 0.29453125 0.2703125
2 0.37421875 0.87109375 0.15625 0.2421875
0 0.8421875 0.40234375 0.253125 0.30390625
0 0.8203125 0.25234375 0.1953125 0.0953125
0 0.51953125 0.190625 0.28125 0.3453125
2 0.81640625 0.64453125 0.17265625 0.21640625