0 0.18359375 0.49296875 0.3671875 0.4578125
1 0.471875 0.43359375 0.1421875 0.15
2 0.334375 0.38125 0.228125 0.259375
2 0.4734375 0.55234375 0.3140625 0.23125
2 0.64375 0.35234375 0.2515625 0.2984375
0 0.23984375 0.81640625 0.3375 0.3453125
0 0.603125 0.83359375 0.3703125 0.321875
0 0.78828125 0.825 0.3359375 0.35
0 0.1609375 0.25625 0.2125 0.15
0 0.328125 0.178125 0.3875 0.35625
0 0.68828125 0.17265625 0.353125 0.3296875
0 0.790625 0.465625 0.4046875 0.2828125
0 0.81953125 0.6390625 0.3578125 0.265625