2 0.4734375 0.42265625 0.1546875 0.171875
2 0.44765625 0.62109375 0.25 0.140625
2 0.47890625 0.5703125 0.2171875 0.21640625
2 0.278125 0.44140625 0.246875 0.25390625
2 0.58125 0.3859375 0.19375 0.37734375
2 0.6515625 0.490625 0.196875 0.2625
2 0.521875 0.77109375 0.25 0.1859375
2 0.34609375 0.203125 0.2625 0.33203125
0 0.18046875 0.253125 0.3140625 0.2296875
2 0.1515625 0.51640625 0.3015625 0.2390625
2 0.228125 0.72578125 0.33203125 0.22421875
0 0.403125 0.8921875 0.30703125 0.215625
0 0.81640625 0.78359375 0.33359375 0.2984375
0 0.8125 0.46953125 0.3671875 0.3421875
0 0.653125 0.20078125 0.27421875 0.29765625
0 0.8109375 0.30234375 0.2265625 0.21875
0 0.471875 0.15546875 0.1609375 0.26953125
2 0.10546875 0.38984375 0.09921875 0.084375