2 0.553125 0.39296875 0.1734375 0.2421875
2 0.42890625 0.396875 0.128125 0.1390625
2 0.48828125 0.51640625 0.2125 0.1953125
2 0.5578125 0.2484375 0.2234375 0.265625
2 0.42890625 0.17890625 0.178125 0.2875
0 0.7484375 0.28984375 0.25625 0.3234375
2 0.70390625 0.56484375 0.20625 0.3171875
0 0.84765625 0.51875 0.3046875 0.265625
2 0.3453125 0.40703125 0.175 0.340625
2 0.4921875 0.66640625 0.26875 0.2109375
2 0.20703125 0.36484375 0.28125 0.4046875
0 0.20390625 0.6421875 0.35625 0.1859375
0 0.13203125 0.42734375 0.2640625 0.15625
0 0.64375 0.8859375 0.275 0.228125
2 0.18671875 0.87578125 0.1171875 0.221875
0 0.53828125 0.1 0.2640625 0.2