0 0.24765625 0.184375 0.340625 0.365625
1 0.4859375 0.584375 0.0734375 0.1140625
1 0.559375 0.5625 0.0765625 0.159375
1 0.42421875 0.6703125 0.1640625 0.1421875
1 0.3875 0.53203125 0.1453125 0.14375
2 0.584375 0.4109375 0.196875 0.246875
2 0.33984375 0.35859375 0.25 0.334375
2 0.73203125 0.46875 0.3078125 0.2578125
2 0.23671875 0.76875 0.30625 0.3109375
0 0.56015625 0.259375 0.3296875 0.51875
0 0.8671875 0.6625 0.265625 0.396875
2 0.6609375 0.7703125 0.3234375 0.3640625
0 0.14921875 0.459375 0.2984375 0.371875
0 0.30234375 0.8765625 0.3265625 0.246875
0 0.71015625 0.24296875 0.090625 0.215625
0 0.6171875 0.909375 0.2515625 0.18125