1 0.40703125 0.52890625 0.15390625 0.15
1 0.42734375 0.64140625 0.17421875 0.125
1 0.484375 0.56875 0.084375 0.10625
1 0.54765625 0.55 0.0734375 0.1546875
2 0.35078125 0.37734375 0.2296875 0.296875
2 0.575 0.4046875 0.17265625 0.209375
2 0.2515625 0.73125 0.275 0.2703125
2 0.71796875 0.46640625 0.2671875 0.22890625
0 0.64921875 0.73671875 0.30390625 0.31640625
0 0.3125 0.85 0.28671875 0.3
0 0.85078125 0.64375 0.296875 0.35546875
0 0.2796875 0.2 0.31796875 0.378125
0 0.56171875 0.23515625 0.28359375 0.428125
0 0.69140625 0.26171875 0.09609375 0.19453125
0 0.15 0.43984375 0.3 0.3546875
0 0.60234375 0.89296875 0.24765625 0.2140625