2 0.303125 0.45078125 0.2125 0.2609375
2 0.18125 0.5203125 0.21875 0.25
2 0.4078125 0.565625 0.259375 0.2234375
2 0.58984375 0.54921875 0.15 0.2078125
2 0.49296875 0.33046875 0.225 0.41875
2 0.49921875 0.12421875 0.2796875 0.228125
2 0.63515625 0.3359375 0.1 0.28125
2 0.10078125 0.43515625 0.2015625 0.25625
2 0.2859375 0.271875 0.234375 0.3578125
0 0.175 0.80234375 0.3390625 0.3015625
0 0.828125 0.65390625 0.34375 0.375
2 0.60546875 0.86484375 0.265625 0.259375
2 0.32734375 0.75546875 0.340625 0.1625