1 0.490625 0.43203125 0.11640625 0.0921875
1 0.6171875 0.42109375 0.11875 0.16484375
2 0.57890625 0.53203125 0.20625 0.16484375
2 0.37109375 0.453125 0.33125 0.28828125
2 0.3625 0.33515625 0.21953125 0.2296875
2 0.5046875 0.271875 0.1796875 0.325
2 0.68046875 0.29765625 0.16328125 0.2625
2 0.60859375 0.5953125 0.21953125 0.1109375
2 0.53203125 0.8203125 0.234375 0.3453125
0 0.78125 0.73046875 0.33671875 0.31640625
2 0.60859375 0.1390625 0.2265625 0.278125
2 0.85625 0.309375 0.24140625 0.28515625
0 0.2 0.40703125 0.3890625 0.23984375
2 0.3359375 0.5578125 0.31640625 0.14921875
2 0.803125 0.49453125 0.2125 0.20859375
2 0.9046875 0.453125 0.184375 0.1546875