0 0.2875 0.19296875 0.4125 0.3859375
0 0.71796875 0.25 0.30625 0.453125
0 0.33984375 0.82109375 0.346875 0.340625
2 0.17890625 0.3421875 0.3234375 0.3359375
2 0.20859375 0.3671875 0.259375 0.228125
2 0.396875 0.22890625 0.35 0.4578125
2 0.53359375 0.1953125 0.221875 0.346875
2 0.7234375 0.40625 0.2421875 0.346875
2 0.82421875 0.4 0.3515625 0.396875
2 0.7734375 0.59140625 0.3203125 0.221875
2 0.5984375 0.67578125 0.3671875 0.1640625
2 0.30703125 0.584375 0.3421875 0.2640625
1 0.5859375 0.465625 0.1796875 0.3421875
1 0.45546875 0.53515625 0.2 0.1796875
1 0.39453125 0.54296875 0.1578125 0.1296875