3 0.54609375 0.565625 0.11875 0.10625
1 0.42890625 0.54609375 0.215625 0.2125
1 0.621875 0.459375 0.1859375 0.296875
2 0.49921875 0.6671875 0.284375 0.1265625
2 0.72421875 0.51875 0.4046875 0.3359375
2 0.30078125 0.59140625 0.3859375 0.1984375
2 0.7046875 0.72265625 0.225 0.1828125
2 0.83828125 0.325 0.23125 0.1515625
2 0.340625 0.3765625 0.375 0.375
2 0.6046875 0.21875 0.2953125 0.4015625
2 0.35859375 0.19921875 0.29375 0.2953125
2 0.1609375 0.44375 0.321875 0.2875
2 0.1734375 0.57421875 0.346875 0.2890625
2 0.378125 0.7390625 0.2875 0.1359375
2 0.80859375 0.5890625 0.3828125 0.271875
2 0.8015625 0.15234375 0.359375 0.3046875
2 0.62421875 0.8734375 0.3703125 0.253125