2 0.4828125 0.43125 0.1609375 0.1796875
2 0.453125 0.63359375 0.259375 0.1484375
2 0.4859375 0.58203125 0.225 0.225
2 0.2828125 0.44609375 0.25625 0.2640625
2 0.59296875 0.39453125 0.2046875 0.390625
2 0.66328125 0.50390625 0.20625 0.2734375
2 0.52578125 0.78828125 0.259375 0.1953125
2 0.35625 0.20390625 0.275 0.3453125
0 0.18515625 0.2515625 0.325 0.2421875
2 0.153125 0.51875 0.30625 0.25
2 0.2265625 0.73671875 0.34375 0.2359375
0 0.40078125 0.89765625 0.3171875 0.2046875
0 0.825 0.8046875 0.34375 0.3109375
0 0.8171875 0.4828125 0.365625 0.35625
0 0.6703125 0.20625 0.2859375 0.3109375
0 0.8296875 0.31328125 0.2359375 0.228125
0 0.48671875 0.15703125 0.1703125 0.2796875
2 0.10625 0.38984375 0.103125 0.0890625