2 0.55 0.3625 0.146875 0.21328125
2 0.4375 0.371875 0.11015625 0.12109375
2 0.496875 0.47734375 0.184375 0.1671875
2 0.546875 0.23125 0.190625 0.23125
2 0.42734375 0.1734375 0.1484375 0.25390625
0 0.72109375 0.259375 0.21796875 0.28359375
2 0.69453125 0.51015625 0.171875 0.27890625
0 0.84609375 0.46171875 0.3078125 0.2296875
2 0.3625 0.38515625 0.14296875 0.303125
2 0.50703125 0.6125 0.23515625 0.1796875
2 0.23515625 0.353125 0.23671875 0.35625
0 0.2453125 0.60546875 0.315625 0.1515625
0 0.14453125 0.4140625 0.284375 0.13203125
0 0.65703125 0.83828125 0.2359375 0.25546875
2 0.24296875 0.859375 0.09609375 0.28125
0 0.521875 0.0953125 0.23046875 0.1734375