0 0.6203125 0.83984375 0.325 0.3203125
0 0.8578125 0.7125 0.284375 0.39375
0 0.18125 0.85859375 0.30625 0.2828125
0 0.20546875 0.53671875 0.3609375 0.3140625
0 0.33046875 0.753125 0.378125 0.284375
0 0.7203125 0.29921875 0.321875 0.384375
0 0.3515625 0.16328125 0.353125 0.3265625
2 0.371875 0.45859375 0.2734375 0.3703125
2 0.55078125 0.3046875 0.21875 0.3828125
2 0.440625 0.66484375 0.28125 0.1578125
2 0.6375 0.56875 0.2578125 0.290625
1 0.54296875 0.4953125 0.1109375 0.1953125
0 0.115625 0.4125 0.23125 0.3