1 0.45390625 0.49609375 0.2078125 0.2203125
1 0.39609375 0.55390625 0.25 0.1890625
1 0.59375 0.540625 0.1796875 0.2015625
2 0.50390625 0.3421875 0.259375 0.3
2 0.7078125 0.4140625 0.215625 0.2703125
2 0.59609375 0.61875 0.2671875 0.23125
2 0.346875 0.6546875 0.2703125 0.15625
2 0.48671875 0.8359375 0.2875 0.2203125
2 0.715625 0.66171875 0.2234375 0.2515625
2 0.43359375 0.18125 0.3171875 0.3625
0 0.453125 0.1109375 0.340625 0.221875
2 0.71171875 0.2609375 0.278125 0.3265625
2 0.86328125 0.45625 0.2734375 0.26875
2 0.284375 0.31015625 0.25 0.3375
2 0.1765625 0.34375 0.353125 0.35625
2 0.24765625 0.5625 0.378125 0.2296875
0 0.2 0.8359375 0.3765625 0.296875