1 0.4125 0.403125 0.18125 0.2171875
2 0.33046875 0.5234375 0.2578125 0.271875
2 0.54296875 0.4859375 0.1609375 0.215625
2 0.55625 0.57890625 0.290625 0.303125
2 0.20703125 0.26015625 0.3296875 0.3875
2 0.4796875 0.221875 0.2375 0.4046875
2 0.690625 0.2796875 0.271875 0.38125
2 0.7921875 0.62890625 0.2734375 0.3484375
0 0.490625 0.85390625 0.3015625 0.253125
0 0.7578125 0.84453125 0.2953125 0.2875
2 0.31328125 0.68125 0.290625 0.2671875
2 0.12109375 0.46328125 0.2421875 0.2859375
0 0.1703125 0.75234375 0.2796875 0.3375
0 0.696875 0.1 0.296875 0.2
0 0.8796875 0.4921875 0.240625 0.2875