0 0.315625 0.79140625 0.34921875 0.38203125
0 0.66953125 0.6625 0.359375 0.3265625
0 0.50234375 0.171875 0.29296875 0.2765625
0 0.1578125 0.68046875 0.26640625 0.32109375
0 0.8296875 0.565625 0.340625 0.375
0 0.26171875 0.2359375 0.37890625 0.41953125
2 0.56328125 0.2765625 0.2421875 0.28984375
2 0.49921875 0.48671875 0.19921875 0.15234375
0 0.178125 0.34609375 0.35625 0.2046875
2 0.75859375 0.3046875 0.3125 0.23125
2 0.13203125 0.5203125 0.2234375 0.16484375
1 0.296875 0.49609375 0.15546875 0.09296875