0 0.25703125 0.18359375 0.4203125 0.3671875
0 0.703125 0.23203125 0.30625 0.44375
0 0.32578125 0.821875 0.3546875 0.3484375
2 0.15859375 0.3265625 0.315625 0.3421875
2 0.18203125 0.35234375 0.265625 0.2328125
2 0.375 0.2203125 0.35625 0.440625
2 0.5140625 0.17265625 0.225 0.3453125
2 0.7171875 0.38359375 0.2453125 0.3578125
2 0.8203125 0.37578125 0.359375 0.4078125
2 0.771875 0.575 0.3296875 0.2265625
2 0.59296875 0.66640625 0.3796875 0.1640625
2 0.28828125 0.57578125 0.3515625 0.2703125
1 0.57578125 0.44765625 0.1796875 0.3546875
1 0.44140625 0.52265625 0.20625 0.184375
1 0.378125 0.53203125 0.1625 0.1328125