0 0.278125 0.82734375 0.2875 0.34453125
0 0.80234375 0.8109375 0.27578125 0.371875
0 0.62265625 0.8015625 0.32734375 0.27734375
0 0.1703125 0.5203125 0.340625 0.396875
0 0.8359375 0.58828125 0.3109375 0.2234375
0 0.77734375 0.42734375 0.32265625 0.21015625
0 0.30859375 0.184375 0.321875 0.3515625
0 0.6359375 0.15234375 0.30078125 0.2875
2 0.453125 0.5484375 0.2375 0.18359375
1 0.459375 0.43359375 0.12578125 0.14296875
0 0.175 0.2953125 0.10078125 0.1078125
2 0.6015625 0.325 0.21171875 0.26015625