1 0.5921875 0.48515625 0.115625 0.1296875
1 0.59453125 0.56953125 0.0734375 0.0703125
2 0.4265625 0.51953125 0.259375 0.2109375
2 0.678125 0.48359375 0.1359375 0.2203125
2 0.425 0.61015625 0.259375 0.1484375
2 0.4234375 0.30859375 0.3109375 0.3109375
2 0.6890625 0.56171875 0.2671875 0.2375
2 0.2546875 0.67109375 0.3578125 0.246875
0 0.16640625 0.36640625 0.3328125 0.3484375
0 0.1421875 0.21953125 0.278125 0.1625
0 0.37890625 0.125 0.3390625 0.25
2 0.65546875 0.22578125 0.3359375 0.4171875
0 0.859375 0.3609375 0.28125 0.3125
0 0.73203125 0.121875 0.4609375 0.2171875
2 0.24140625 0.7109375 0.3890625 0.3328125
0 0.7109375 0.85 0.409375 0.3