0 0.23828125 0.2046875 0.35546875 0.38828125
0 0.67578125 0.21875 0.24296875 0.41953125
0 0.3921875 0.8421875 0.30390625 0.29609375
2 0.1578125 0.39453125 0.28125 0.29609375
2 0.19140625 0.4140625 0.23125 0.19375
2 0.35546875 0.24609375 0.28671875 0.425
2 0.48515625 0.19375 0.1734375 0.32421875
2 0.70625 0.37265625 0.19453125 0.3203125
2 0.81484375 0.35 0.32109375 0.3515625
2 0.784375 0.54765625 0.2953125 0.178125
2 0.625 0.6578125 0.35390625 0.109375
2 0.32265625 0.61328125 0.31171875 0.21875
1 0.5796875 0.45234375 0.1296875 0.32578125
1 0.46171875 0.54140625 0.178125 0.15390625
1 0.40234375 0.55859375 0.1421875 0.109375