1 0.45703125 0.5296875 0.1703125 0.165625
2 0.4203125 0.59609375 0.2109375 0.1546875
1 0.58671875 0.56171875 0.1546875 0.1609375
2 0.4859375 0.38984375 0.2109375 0.2171875
2 0.67421875 0.4578125 0.171875 0.2859375
2 0.2828125 0.40078125 0.1796875 0.2890625
2 0.39140625 0.240625 0.2421875 0.253125
0 0.396875 0.1625 0.3015625 0.2921875
2 0.6609375 0.28359375 0.234375 0.2515625
2 0.71796875 0.6421875 0.18125 0.2109375
2 0.84921875 0.43828125 0.29375 0.2015625
2 0.17109375 0.428125 0.3234375 0.2640625
2 0.24921875 0.63671875 0.2796875 0.1734375
2 0.44765625 0.6765625 0.3671875 0.10625
2 0.53203125 0.83359375 0.2453125 0.16875
0 0.28203125 0.875 0.3234375 0.25