0 0.72578125 0.85078125 0.3953125 0.2984375
1 0.4859375 0.5578125 0.1578125 0.15
1 0.521875 0.665625 0.1390625 0.0796875
1 0.521875 0.45390625 0.19375 0.2328125
2 0.28984375 0.43828125 0.346875 0.325
2 0.625 0.34375 0.2375 0.371875
0 0.440625 0.77265625 0.3234375 0.290625
0 0.1296875 0.6359375 0.2484375 0.33125
0 0.35390625 0.9078125 0.259375 0.1828125
0 0.80859375 0.50078125 0.3828125 0.3515625
0 0.77734375 0.3984375 0.2578125 0.2703125
0 0.271875 0.228125 0.4234375 0.384375
0 0.559375 0.196875 0.2984375 0.2734375