0 0.17890625 0.50625 0.35234375 0.40234375
1 0.46484375 0.41875 0.12265625 0.13125
2 0.3296875 0.38359375 0.19453125 0.22734375
2 0.47890625 0.53125 0.28046875 0.19296875
2 0.6203125 0.32578125 0.2125 0.26328125
0 0.28515625 0.825 0.290625 0.33828125
0 0.6296875 0.78515625 0.32578125 0.275
0 0.809375 0.796875 0.28359375 0.3765625
0 0.15390625 0.28203125 0.190625 0.12421875
0 0.30546875 0.175 0.334375 0.34453125
0 0.64453125 0.15 0.30859375 0.2828125
0 0.76953125 0.4171875 0.3625 0.23203125
0 0.82734375 0.58046875 0.3453125 0.2203125