1 0.60625 0.5265625 0.1328125 0.2421875
1 0.51015625 0.60234375 0.171875 0.1765625
1 0.534375 0.58359375 0.078125 0.1078125
2 0.56796875 0.76953125 0.178125 0.2078125
0 0.509375 0.35625 0.2765625 0.4421875
2 0.35390625 0.48125 0.2921875 0.3140625
2 0.74296875 0.43203125 0.215625 0.2359375
0 0.30546875 0.7640625 0.421875 0.3796875
0 0.21953125 0.55859375 0.4390625 0.3078125
0 0.25703125 0.23046875 0.3375 0.3828125
0 0.5328125 0.09296875 0.30625 0.1859375
0 0.6390625 0.26796875 0.2859375 0.4765625
0 0.84453125 0.35234375 0.3109375 0.3421875
0 0.87578125 0.80625 0.1984375 0.3171875
2 0.5734375 0.884375 0.1453125 0.175