1 0.4796875 0.49140625 0.16875 0.2078125
1 0.38046875 0.54609375 0.2328125 0.221875
1 0.55625 0.6078125 0.1578125 0.1453125
2 0.5921875 0.4234375 0.2484375 0.334375
1 0.48359375 0.5890625 0.125 0.0859375
2 0.5 0.73046875 0.240625 0.196875
2 0.2546875 0.6390625 0.3390625 0.2671875
2 0.34453125 0.33046875 0.2875 0.2796875
0 0.52734375 0.21171875 0.3140625 0.4234375
0 0.17265625 0.36171875 0.3453125 0.3546875
0 0.33515625 0.84375 0.3125 0.3078125
2 0.703125 0.75 0.278125 0.2796875
2 0.73359375 0.49765625 0.278125 0.3109375
0 0.78828125 0.36328125 0.25 0.2421875
2 0.4078125 0.253125 0.2328125 0.2703125
2 0.834375 0.6890625 0.3109375 0.259375
2 0.27109375 0.1796875 0.1140625 0.1046875