1 0.59140625 0.54453125 0.1359375 0.2421875
1 0.4796875 0.59296875 0.171875 0.1765625
1 0.50859375 0.58046875 0.0796875 0.109375
2 0.4921875 0.76796875 0.1796875 0.2078125
0 0.54140625 0.35625 0.28125 0.44375
2 0.36171875 0.4359375 0.2953125 0.315625
2 0.74609375 0.4890625 0.2171875 0.2375
0 0.24296875 0.69609375 0.4234375 0.3828125
0 0.215625 0.475 0.43125 0.3125
0 0.33359375 0.18125 0.3390625 0.3625
0 0.63515625 0.1015625 0.3046875 0.203125
0 0.6890625 0.30390625 0.290625 0.478125
0 0.853125 0.43984375 0.29375 0.3453125
0 0.7765625 0.86171875 0.203125 0.2765625
2 0.46796875 0.88046875 0.146875 0.1765625