1 0.47109375 0.5171875 0.196875 0.19375
2 0.44140625 0.59140625 0.2375 0.1859375
1 0.61015625 0.534375 0.18125 0.1859375
2 0.4828125 0.36796875 0.246875 0.2515625
2 0.6875 0.415625 0.2125 0.3171875
2 0.27421875 0.40546875 0.221875 0.321875
2 0.36640625 0.225 0.2828125 0.29375
0 0.3609375 0.15546875 0.346875 0.3109375
2 0.6515625 0.23515625 0.2734375 0.290625
2 0.75625 0.6015625 0.2140625 0.2421875
2 0.8484375 0.3734375 0.3015625 0.2421875
2 0.1734375 0.446875 0.346875 0.315625
2 0.2703125 0.6546875 0.3109375 0.2140625
2 0.4796875 0.671875 0.3921875 0.15625
2 0.5890625 0.8234375 0.275 0.20625
0 0.334375 0.87421875 0.365625 0.2515625