2 0.33671875 0.45625 0.19765625 0.23125
2 0.5921875 0.5125 0.140625 0.30078125
2 0.47734375 0.64296875 0.20390625 0.31953125
2 0.54765625 0.81484375 0.2390625 0.1234375
2 0.6796875 0.4015625 0.146875 0.31484375
2 0.73125 0.58203125 0.1890625 0.19765625
2 0.5015625 0.29921875 0.1953125 0.39609375
2 0.2796875 0.2828125 0.19765625 0.28828125
2 0.45234375 0.2203125 0.20625 0.42734375
2 0.69453125 0.284375 0.2078125 0.2515625
2 0.14921875 0.2765625 0.2484375 0.2953125
2 0.2140625 0.55625 0.415625 0.396875
0 0.89375 0.50703125 0.20859375 0.30234375
0 0.1953125 0.8515625 0.36953125 0.290625