1 0.5234375 0.59765625 0.09453125 0.12265625
1 0.48984375 0.58828125 0.1578125 0.140625
1 0.57734375 0.5265625 0.1015625 0.20625
0 0.50703125 0.35703125 0.21875 0.38359375
2 0.33125 0.459375 0.2140625 0.26640625
2 0.721875 0.45625 0.1875 0.1953125
2 0.5125 0.746875 0.14140625 0.184375
0 0.2984375 0.27265625 0.3171875 0.44765625
0 0.21796875 0.51796875 0.4171875 0.25
0 0.2640625 0.725 0.3453125 0.28203125
0 0.5625 0.08984375 0.27734375 0.16484375
0 0.6375 0.2921875 0.221875 0.41796875
0 0.8390625 0.40390625 0.28359375 0.30703125
0 0.80390625 0.8421875 0.1515625 0.31484375