2 0.39609375 0.5046875 0.2171875 0.178125
1 0.54375 0.46796875 0.103125 0.103125
2 0.58203125 0.4640625 0.1828125 0.196875
2 0.40390625 0.33203125 0.25 0.3140625
2 0.4109375 0.59140625 0.3296875 0.1859375
2 0.23515625 0.6296875 0.375 0.225
0 0.35703125 0.15078125 0.2921875 0.2859375
0 0.1515625 0.3875 0.303125 0.309375
0 0.15625 0.27734375 0.253125 0.1515625
2 0.56875 0.240625 0.284375 0.35
0 0.7375 0.1890625 0.18125 0.1828125
0 0.79921875 0.35625 0.3640625 0.296875
0 0.63046875 0.81640625 0.3734375 0.3671875
2 0.16640625 0.69140625 0.2875 0.33125
2 0.621875 0.575 0.1421875 0.1515625
2 0.68046875 0.52265625 0.1328125 0.21875