1 0.4703125 0.49296875 0.1484375 0.1984375
1 0.49296875 0.59140625 0.10625 0.07109375
2 0.37890625 0.5609375 0.203125 0.1796875
1 0.565625 0.60234375 0.1390625 0.13203125
2 0.5703125 0.40859375 0.1796875 0.3140625
2 0.321875 0.35546875 0.23984375 0.2390625
2 0.725 0.4671875 0.23359375 0.26875
0 0.47578125 0.1984375 0.26328125 0.3921875
0 0.74609375 0.31640625 0.2375 0.21953125
2 0.7265625 0.71796875 0.24921875 0.2328125
2 0.84375 0.63515625 0.31171875 0.2265625
2 0.27421875 0.678125 0.31328125 0.2203125
0 0.3859375 0.86328125 0.2640625 0.2734375
2 0.5328125 0.72421875 0.2140625 0.16953125
0 0.159375 0.41796875 0.31796875 0.3203125
2 0.25234375 0.2390625 0.16328125 0.1265625
2 0.37890625 0.27734375 0.21015625 0.253125