1 0.61484375 0.51796875 0.1921875 0.2421875
1 0.53203125 0.5890625 0.2578125 0.228125
1 0.753125 0.590625 0.2046875 0.20625
2 0.46484375 0.71640625 0.375 0.2390625
2 0.775 0.68671875 0.2984375 0.1765625
2 0.36875 0.3859375 0.34375 0.36875
2 0.70546875 0.39453125 0.2578125 0.4046875
0 0.21171875 0.50546875 0.4234375 0.3328125
2 0.6453125 0.8671875 0.340625 0.265625
2 0.4375 0.89921875 0.1875 0.2015625
0 0.875 0.384375 0.25 0.35
0 0.86875 0.22265625 0.221875 0.121875
0 0.53515625 0.19296875 0.3390625 0.3859375
2 0.8984375 0.64921875 0.203125 0.2515625