2 0.39296875 0.50078125 0.2125 0.16875
1 0.54609375 0.47421875 0.0984375 0.0984375
2 0.584375 0.4734375 0.175 0.1890625
2 0.4125 0.32578125 0.234375 0.30625
2 0.4015625 0.58984375 0.3265625 0.1671875
2 0.21875 0.61640625 0.3703125 0.2046875
0 0.37890625 0.1390625 0.28125 0.271875
0 0.14765625 0.3625 0.2953125 0.29375
0 0.16484375 0.25390625 0.25 0.1375
2 0.5875 0.24609375 0.26875 0.3390625
0 0.7625 0.2046875 0.1734375 0.175
0 0.8140625 0.37890625 0.3546875 0.2796875
0 0.60546875 0.82890625 0.3609375 0.3421875
2 0.14609375 0.67421875 0.2734375 0.31875
2 0.6171875 0.5890625 0.1359375 0.1453125
2 0.68125 0.5390625 0.121875 0.215625