0 0.7453125 0.85 0.425 0.3
1 0.50625 0.5484375 0.1703125 0.1625
1 0.5390625 0.66171875 0.1484375 0.0890625
1 0.54765625 0.43984375 0.2125 0.2515625
2 0.3046875 0.41484375 0.3734375 0.353125
2 0.66015625 0.328125 0.2625 0.3984375
0 0.45 0.771875 0.35 0.315625
0 0.1328125 0.6171875 0.265625 0.35625
0 0.353125 0.9046875 0.2765625 0.190625
0 0.81953125 0.49765625 0.3609375 0.3765625
0 0.81796875 0.39140625 0.2796875 0.2921875
0 0.29375 0.2015625 0.45625 0.403125
0 0.59609375 0.171875 0.321875 0.296875