3 0.53671875 0.5140625 0.10625 0.0953125
1 0.43125 0.49453125 0.19375 0.190625
1 0.60859375 0.41875 0.165625 0.2671875
2 0.49296875 0.60546875 0.2578125 0.1109375
2 0.70078125 0.47421875 0.3640625 0.2984375
2 0.3140625 0.53359375 0.35 0.1734375
2 0.6796875 0.65859375 0.2015625 0.1625
2 0.8078125 0.3 0.209375 0.134375
2 0.35390625 0.3390625 0.3359375 0.3359375
2 0.596875 0.2 0.2625 0.3609375
2 0.3734375 0.17890625 0.2625 0.2640625
2 0.17578125 0.39921875 0.3203125 0.2578125
2 0.17734375 0.51875 0.3546875 0.259375
2 0.38203125 0.66796875 0.2609375 0.11875
2 0.80234375 0.53984375 0.3953125 0.2421875
2 0.784375 0.1390625 0.334375 0.278125
2 0.60703125 0.840625 0.3390625 0.31875