1 0.440625 0.59140625 0.1375 0.1578125
2 0.41171875 0.471875 0.290625 0.378125
2 0.428125 0.68359375 0.2734375 0.153125
2 0.67890625 0.590625 0.1875 0.2078125
2 0.59921875 0.328125 0.2375 0.34375
1 0.56640625 0.54453125 0.1 0.1953125
0 0.559375 0.86171875 0.309375 0.2765625
0 0.8125 0.80859375 0.34375 0.3828125
2 0.30625 0.734375 0.3609375 0.265625
0 0.14375 0.8125 0.2875 0.321875
2 0.23515625 0.5015625 0.3640625 0.3109375
0 0.17109375 0.36640625 0.3421875 0.3453125
0 0.45 0.1875 0.3625 0.375
0 0.77421875 0.3734375 0.3015625 0.4140625
1 0.57578125 0.69765625 0.1359375 0.13125