2 0.47421875 0.3359375 0.1828125 0.1984375
2 0.3453125 0.4234375 0.246875 0.2203125
2 0.46953125 0.5125 0.134375 0.1171875
2 0.55 0.3921875 0.1109375 0.1859375
1 0.45859375 0.4390625 0.103125 0.10625
2 0.48203125 0.53984375 0.19375 0.175
2 0.31953125 0.28515625 0.2984375 0.3046875
2 0.246875 0.4375 0.3421875 0.253125
2 0.68359375 0.46953125 0.265625 0.3625
2 0.50234375 0.203125 0.2171875 0.225
2 0.3890625 0.70390625 0.2734375 0.24375
0 0.3015625 0.115625 0.275 0.2015625
2 0.478125 0.0734375 0.15625 0.146875
0 0.6671875 0.25546875 0.359375 0.503125
0 0.7765625 0.77578125 0.4171875 0.425
0 0.18671875 0.78046875 0.334375 0.3828125
0 0.1328125 0.39296875 0.265625 0.2890625