1 0.51953125 0.565625 0.1203125 0.1484375
1 0.48359375 0.55078125 0.19375 0.1765625
1 0.5890625 0.49453125 0.140625 0.2421875
0 0.534375 0.29765625 0.29375 0.453125
2 0.325 0.3875 0.2734375 0.3234375
2 0.7578125 0.43671875 0.2328125 0.240625
2 0.48671875 0.72890625 0.18125 0.2234375
0 0.3109375 0.22109375 0.403125 0.4421875
0 0.21875 0.4375 0.4375 0.328125
0 0.21484375 0.671875 0.4203125 0.359375
0 0.62421875 0.059375 0.3171875 0.11875
0 0.68515625 0.24765625 0.3015625 0.48125
0 0.85859375 0.38984375 0.2828125 0.3734375
0 0.79453125 0.84375 0.2078125 0.3125