1 0.465625 0.4140625 0.203125 0.2140625
1 0.48515625 0.54375 0.1875 0.165625
2 0.5671875 0.30703125 0.26875 0.3484375
2 0.4546875 0.62421875 0.315625 0.2046875
2 0.67265625 0.47421875 0.2390625 0.325
2 0.26328125 0.44375 0.2984375 0.29375
2 0.2859375 0.2046875 0.3359375 0.39375
0 0.42578125 0.140625 0.1984375 0.28125
0 0.625 0.17109375 0.33125 0.3421875
0 0.78125 0.25234375 0.3671875 0.31875
2 0.13046875 0.29765625 0.2609375 0.3171875
2 0.159375 0.540625 0.31875 0.309375
2 0.26796875 0.73984375 0.41875 0.2796875
2 0.5640625 0.76796875 0.3 0.2484375
0 0.8453125 0.73359375 0.309375 0.3640625
2 0.8609375 0.34921875 0.278125 0.2984375
0 0.4515625 0.87578125 0.35625 0.2484375