1 0.45859375 0.52890625 0.165625 0.1625
2 0.42109375 0.59375 0.20546875 0.14921875
1 0.58671875 0.5625 0.15078125 0.15625
2 0.4890625 0.390625 0.20625 0.2125
2 0.675 0.46171875 0.16484375 0.28046875
2 0.2890625 0.39765625 0.171875 0.28359375
2 0.39921875 0.240625 0.2359375 0.24765625
0 0.40546875 0.16328125 0.29296875 0.28515625
2 0.66484375 0.2875 0.22734375 0.2453125
2 0.71484375 0.6453125 0.175 0.20703125
2 0.8484375 0.4453125 0.2875 0.1953125
2 0.178125 0.42265625 0.31640625 0.25625
2 0.2515625 0.63125 0.27421875 0.1671875
2 0.446875 0.675 0.36171875 0.09921875
2 0.528125 0.83203125 0.23984375 0.1640625
0 0.28125 0.875 0.31640625 0.25