1 0.5140625 0.61640625 0.09375 0.1625
2 0.23359375 0.55 0.2546875 0.26875
2 0.378125 0.50234375 0.20625 0.34375
2 0.4375 0.75 0.171875 0.1296875
2 0.2890625 0.76875 0.3 0.1453125
2 0.62734375 0.63203125 0.190625 0.265625
2 0.5953125 0.39140625 0.1859375 0.2953125
2 0.40234375 0.2703125 0.2 0.34375
0 0.18984375 0.35 0.2328125 0.2234375
0 0.6 0.1765625 0.26875 0.3125
2 0.76796875 0.440625 0.16875 0.36875
0 0.86484375 0.7546875 0.2703125 0.384375
0 0.5828125 0.8421875 0.253125 0.2921875
0 0.11796875 0.82890625 0.2359375 0.340625