0 0.23828125 0.184375 0.3703125 0.3484375
1 0.5140625 0.53203125 0.084375 0.121875
1 0.58515625 0.503125 0.0921875 0.165625
1 0.46171875 0.6234375 0.178125 0.1578125
1 0.4109375 0.48984375 0.1578125 0.1578125
2 0.59296875 0.34921875 0.2203125 0.2640625
2 0.3453125 0.321875 0.2828125 0.35625
2 0.746875 0.390625 0.33125 0.2875
2 0.2859375 0.7421875 0.3359375 0.340625
0 0.5578125 0.2375 0.375 0.475
0 0.87421875 0.571875 0.2515625 0.41875
2 0.7078125 0.69921875 0.359375 0.39375
0 0.1671875 0.4453125 0.334375 0.403125
0 0.3640625 0.85078125 0.35625 0.2984375
0 0.7015625 0.16875 0.1125 0.2234375
0 0.68203125 0.8671875 0.2734375 0.2546875