1 0.5765625 0.525 0.1 0.2203125
1 0.47734375 0.5859375 0.1453125 0.15078125
1 0.50234375 0.57109375 0.06328125 0.09609375
2 0.51171875 0.75 0.1484375 0.18046875
0 0.50390625 0.353125 0.21640625 0.396875
2 0.34375 0.45234375 0.246875 0.2703125
2 0.715625 0.4515625 0.18203125 0.20390625
0 0.265625 0.71484375 0.36484375 0.31875
0 0.203125 0.51171875 0.40234375 0.24609375
0 0.28125 0.20546875 0.28203125 0.3328125
0 0.559375 0.090625 0.271875 0.18125
0 0.6375 0.284375 0.2203125 0.43046875
0 0.84609375 0.38984375 0.3078125 0.2953125
0 0.8 0.8390625 0.15390625 0.3203125
2 0.50390625 0.859375 0.12109375 0.153125