3 0.5703125 0.5578125 0.05625 0.0765625
2 0.42421875 0.4234375 0.2296875 0.24375
2 0.484375 0.578125 0.2078125 0.125
2 0.56796875 0.68828125 0.19140625 0.18203125
2 0.65234375 0.40859375 0.1796875 0.31953125
2 0.72109375 0.46484375 0.21484375 0.22265625
2 0.728125 0.540625 0.20078125 0.14921875
2 0.51796875 0.85703125 0.23359375 0.23046875
2 0.42265625 0.5953125 0.32734375 0.12265625
0 0.1515625 0.51796875 0.2796875 0.13828125
2 0.18515625 0.63984375 0.1953125 0.121875
2 0.81796875 0.71953125 0.27421875 0.26484375
0 0.71484375 0.20703125 0.25234375 0.2109375
0 0.2640625 0.28359375 0.2796875 0.2375
0 0.4921875 0.21171875 0.22265625 0.359375
0 0.4375 0.1984375 0.2734375 0.38046875
2 0.28046875 0.4125 0.2796875 0.23359375
2 0.39453125 0.8453125 0.16484375 0.28984375