2 0.4875 0.33671875 0.13984375 0.1578125
2 0.3859375 0.43515625 0.196875 0.1671875
2 0.51015625 0.4953125 0.10703125 0.0890625
2 0.56328125 0.375 0.0734375 0.1578125
1 0.48828125 0.43125 0.08046875 0.08359375
2 0.52578125 0.5171875 0.1546875 0.13359375
2 0.34140625 0.315625 0.2328125 0.23828125
2 0.30078125 0.4625 0.28203125 0.1828125
2 0.69453125 0.4234375 0.190625 0.3
2 0.49140625 0.2140625 0.16796875 0.17734375
2 0.46875 0.67890625 0.21875 0.1859375
0 0.29765625 0.16875 0.22734375 0.1453125
2 0.45 0.10078125 0.12265625 0.11796875
0 0.64765625 0.22421875 0.2578125 0.43984375
0 0.8296875 0.68359375 0.3296875 0.334375
0 0.30234375 0.8078125 0.25234375 0.365625
0 0.1484375 0.4421875 0.2921875 0.2296875