1 0.40625 0.52578125 0.1625 0.159375
1 0.4296875 0.64296875 0.184375 0.134375
1 0.48671875 0.56640625 0.0890625 0.1125
1 0.55390625 0.5453125 0.0796875 0.1625
2 0.3453125 0.36875 0.2453125 0.3140625
2 0.5796875 0.39296875 0.1828125 0.221875
2 0.24765625 0.740625 0.2921875 0.2875
2 0.7296875 0.4546875 0.2828125 0.24375
0 0.6625 0.73828125 0.3234375 0.3375
0 0.3109375 0.85 0.30625 0.3
0 0.85546875 0.6375 0.2890625 0.378125
0 0.26484375 0.19140625 0.3375 0.38125
0 0.559375 0.22109375 0.303125 0.4421875
0 0.69765625 0.2421875 0.103125 0.2046875
0 0.146875 0.4359375 0.29375 0.375
0 0.6140625 0.89296875 0.2625 0.2140625