1 0.5796875 0.484375 0.196875 0.240625
1 0.5046875 0.55703125 0.25625 0.23125
1 0.7171875 0.54765625 0.20625 0.20625
2 0.44609375 0.6828125 0.3703125 0.246875
2 0.74296875 0.63828125 0.2921875 0.1828125
2 0.3375 0.36953125 0.3453125 0.36875
2 0.66171875 0.36015625 0.265625 0.3984375
0 0.2015625 0.49296875 0.403125 0.3390625
2 0.63046875 0.84140625 0.3453125 0.3171875
2 0.4328125 0.8796875 0.196875 0.240625
0 0.8484375 0.33984375 0.303125 0.3515625
0 0.80859375 0.1875 0.2171875 0.128125
0 0.48671875 0.18359375 0.3390625 0.3671875
2 0.8625 0.59609375 0.2109375 0.25