3 0.57109375 0.553125 0.0640625 0.0828125
2 0.409375 0.42421875 0.25625 0.2703125
2 0.4828125 0.58046875 0.225 0.1453125
2 0.578125 0.6890625 0.2125 0.203125
2 0.64609375 0.39140625 0.2109375 0.3453125
2 0.721875 0.44453125 0.2390625 0.246875
2 0.734375 0.5234375 0.2203125 0.1703125
2 0.53828125 0.86796875 0.259375 0.2578125
2 0.4203125 0.60234375 0.35 0.1515625
0 0.14140625 0.53984375 0.2828125 0.1609375
2 0.17578125 0.66640625 0.2125 0.140625
2 0.83984375 0.703125 0.3046875 0.2953125
0 0.69609375 0.17734375 0.278125 0.2375
0 0.23203125 0.28984375 0.3078125 0.26875
0 0.4640625 0.1984375 0.2578125 0.390625
0 0.40390625 0.19765625 0.3109375 0.3953125
2 0.2578125 0.42265625 0.3078125 0.2640625
2 0.40625 0.853125 0.19375 0.29375