2 0.33046875 0.16015625 0.41796875 0.24609375
2 0.6609375 0.16640625 0.3671875 0.2875
2 0.884375 0.18671875 0.23046875 0.27734375
2 0.38984375 0.34921875 0.5421875 0.35234375
2 0.65078125 0.34453125 0.2671875 0.1890625
2 0.85859375 0.39921875 0.2828125 0.29375
2 0.3671875 0.58984375 0.43359375 0.26796875
2 0.6203125 0.5890625 0.33125 0.32578125
2 0.83203125 0.62578125 0.3359375 0.2734375
2 0.3390625 0.83125 0.3140625 0.31328125
2 0.59609375 0.82578125 0.3 0.24375
2 0.83828125 0.81796875 0.3234375 0.2265625