0 0.19921875 0.15625 0.18984375 0.10078125
0 0.47734375 0.16640625 0.16171875 0.09140625
0 0.7296875 0.17265625 0.1796875 0.09453125
0 0.19609375 0.34921875 0.16640625 0.12734375
0 0.48125 0.40703125 0.20703125 0.09453125
0 0.70703125 0.4 0.12109375 0.1140625
0 0.253125 0.61484375 0.159375 0.140625
0 0.46796875 0.62578125 0.21875 0.13984375
0 0.68046875 0.63671875 0.18125 0.12421875
0 0.21875 0.8953125 0.184375 0.11640625
0 0.4625 0.89375 0.1328125 0.128125
0 0.68828125 0.89140625 0.1921875 0.1453125