0 0.1984375 0.165625 0.18828125 0.11171875
0 0.47265625 0.171875 0.16640625 0.090625
0 0.7296875 0.17734375 0.18828125 0.10234375
0 0.20234375 0.3578125 0.16171875 0.1265625
0 0.4765625 0.409375 0.21875 0.0890625
0 0.7 0.40703125 0.1359375 0.1078125
0 0.25234375 0.6203125 0.15703125 0.1390625
0 0.4671875 0.63359375 0.19140625 0.125
0 0.67890625 0.640625 0.16484375 0.125
0 0.22421875 0.8953125 0.18046875 0.11640625
0 0.46328125 0.89765625 0.1296875 0.1203125
0 0.68828125 0.89453125 0.184375 0.13984375