2 0.36953125 0.14296875 0.4546875 0.2859375
2 0.69453125 0.18046875 0.3984375 0.3453125
2 0.89609375 0.22265625 0.2078125 0.2984375
2 0.40390625 0.33046875 0.578125 0.4171875
2 0.67734375 0.38828125 0.2953125 0.246875
2 0.8484375 0.434375 0.303125 0.353125
2 0.36484375 0.58046875 0.471875 0.3171875
2 0.60078125 0.6078125 0.3453125 0.35625
2 0.85078125 0.6609375 0.296875 0.3140625
2 0.3171875 0.80546875 0.3859375 0.346875
2 0.57421875 0.83828125 0.3421875 0.303125
2 0.7953125 0.85546875 0.3515625 0.2640625