2 0.32734375 0.15625 0.428125 0.2484375
2 0.65390625 0.159375 0.36484375 0.30234375
2 0.8859375 0.17421875 0.228125 0.27265625
2 0.384375 0.34375 0.5390625 0.35390625
2 0.6625 0.3671875 0.2703125 0.215625
2 0.85234375 0.39140625 0.2953125 0.31875
2 0.37578125 0.59609375 0.44296875 0.26484375
2 0.61328125 0.59453125 0.30859375 0.3203125
2 0.86796875 0.6171875 0.2640625 0.28359375
2 0.35546875 0.82578125 0.3515625 0.30625
2 0.61484375 0.8265625 0.3125 0.26640625
2 0.83671875 0.8171875 0.3265625 0.22578125