2 0.30234375 0.13828125 0.4046875 0.21640625
2 0.6328125 0.14453125 0.36171875 0.2890625
2 0.840625 0.16328125 0.31796875 0.25234375
2 0.384375 0.36171875 0.51328125 0.3234375
2 0.665625 0.35390625 0.29375 0.203125
2 0.85546875 0.39375 0.2890625 0.3046875
2 0.38203125 0.59609375 0.4640625 0.284375
2 0.628125 0.5828125 0.30546875 0.35
2 0.85078125 0.615625 0.2984375 0.290625
2 0.35546875 0.83125 0.3609375 0.3015625
2 0.61953125 0.83828125 0.34296875 0.25703125
2 0.83125 0.81640625 0.33671875 0.22890625