2 0.23671875 0.1828125 0.4390625 0.2890625
2 0.56171875 0.15078125 0.4109375 0.3015625
2 0.76953125 0.12890625 0.3609375 0.2578125
2 0.36015625 0.3859375 0.565625 0.415625
2 0.634375 0.325 0.3265625 0.2546875
2 0.82890625 0.328125 0.3421875 0.3546875
2 0.40234375 0.6171875 0.509375 0.3671875
2 0.64140625 0.55703125 0.3671875 0.4015625
2 0.84609375 0.54609375 0.3078125 0.3421875
2 0.4203125 0.83515625 0.4125 0.3296875
2 0.68203125 0.809375 0.3859375 0.3171875
2 0.84921875 0.74765625 0.3015625 0.2890625