0 0.32265625 0.16640625 0.19296875 0.13125
0 0.60703125 0.184375 0.17109375 0.0953125
0 0.84140625 0.19765625 0.19921875 0.10390625
0 0.353125 0.38046875 0.16875 0.15625
0 0.63125 0.42578125 0.215625 0.0953125
0 0.85 0.4203125 0.14453125 0.11484375
0 0.409375 0.6203125 0.16953125 0.159375
0 0.6234375 0.62890625 0.23828125 0.1421875
0 0.81640625 0.63671875 0.1734375 0.13203125
0 0.3703125 0.85078125 0.2015625 0.13125
0 0.615625 0.846875 0.1546875 0.13671875
0 0.85078125 0.84375 0.1265625 0.14609375