1 0.3390625 0.171875 0.38125 0.24375
1 0.634375 0.17734375 0.36328125 0.28671875
1 0.88671875 0.203125 0.2265625 0.23828125
1 0.378125 0.3671875 0.5015625 0.30703125
1 0.64765625 0.36328125 0.2828125 0.14609375
1 0.87890625 0.41953125 0.2421875 0.2578125
1 0.3625 0.62109375 0.36640625 0.27109375
1 0.6 0.60078125 0.29921875 0.30859375
1 0.82734375 0.64375 0.3453125 0.24296875
1 0.378125 0.8453125 0.3796875 0.22734375
1 0.596875 0.85234375 0.29140625 0.20234375
1 0.83125 0.84375 0.33671875 0.2015625