1 0.58125 0.1609375 0.2984375 0.2703125
1 0.3453125 0.23515625 0.303125 0.2703125
1 0.1140625 0.29296875 0.228125 0.1953125
1 0.6265625 0.36953125 0.4265625 0.29375
1 0.365625 0.4203125 0.2765625 0.1921875
1 0.1640625 0.49140625 0.2640625 0.1515625
1 0.65546875 0.5796875 0.325 0.2390625
1 0.42890625 0.63828125 0.2609375 0.2546875
1 0.23671875 0.71328125 0.3015625 0.2578125
1 0.73828125 0.79296875 0.3296875 0.2515625
1 0.47890625 0.84765625 0.290625 0.2125
1 0.22109375 0.8984375 0.3046875 0.203125