1 0.35 0.18515625 0.25859375 0.22109375
1 0.59609375 0.20859375 0.2625 0.2203125
1 0.859375 0.21171875 0.25625 0.14453125
1 0.34921875 0.3984375 0.38984375 0.21796875
1 0.61484375 0.39375 0.253125 0.1421875
1 0.8265625 0.421875 0.2484375 0.10234375
1 0.36484375 0.61015625 0.29296875 0.1828125
1 0.5984375 0.6203125 0.22109375 0.21328125
1 0.8015625 0.65390625 0.26484375 0.2078125
1 0.328125 0.8359375 0.29609375 0.19375
1 0.59296875 0.8359375 0.26328125 0.1609375
1 0.859375 0.8484375 0.27265625 0.184375