1 0.3484375 0.19453125 0.2453125 0.2109375
1 0.6 0.20546875 0.265625 0.21328125
1 0.86484375 0.21015625 0.24140625 0.14609375
1 0.35859375 0.4078125 0.39921875 0.21484375
1 0.61953125 0.396875 0.24609375 0.13828125
1 0.825 0.41015625 0.2625 0.1234375
1 0.359375 0.6140625 0.2890625 0.1875
1 0.5921875 0.6140625 0.20078125 0.20859375
1 0.81015625 0.65703125 0.26484375 0.20546875
1 0.3359375 0.84375 0.31328125 0.18671875
1 0.6078125 0.840625 0.25 0.146875
1 0.8609375 0.85078125 0.24609375 0.18203125