0 0.33671875 0.190625 0.2390625 0.21328125
0 0.5890625 0.1796875 0.27734375 0.13671875
0 0.84609375 0.20390625 0.2125 0.11796875
0 0.3484375 0.41640625 0.3546875 0.22109375
0 0.60625 0.41015625 0.23984375 0.153125
0 0.84296875 0.41640625 0.25 0.11015625
0 0.37265625 0.62109375 0.26953125 0.15546875
0 0.6171875 0.61875 0.2546875 0.15625
0 0.79375 0.65390625 0.228125 0.1875
0 0.34765625 0.8578125 0.31640625 0.1296875
0 0.63125 0.84375 0.23671875 0.14609375
0 0.871875 0.8546875 0.22578125 0.17109375