0 0.340625 0.1859375 0.2375 0.2078125
0 0.59140625 0.19765625 0.2734375 0.18671875
0 0.8546875 0.203125 0.25 0.14296875
0 0.35234375 0.40234375 0.3875 0.240625
0 0.596875 0.38984375 0.28203125 0.15703125
0 0.834375 0.41328125 0.25625 0.12890625
0 0.3703125 0.6125 0.28125 0.165625
0 0.58984375 0.6203125 0.203125 0.17734375
0 0.8015625 0.64921875 0.2484375 0.20234375
0 0.34296875 0.8515625 0.31015625 0.171875
0 0.61953125 0.84296875 0.2390625 0.14765625
0 0.86328125 0.84921875 0.2421875 0.17890625