2 0.32890625 0.15546875 0.42421875 0.24375
2 0.64375 0.159375 0.3578125 0.30390625
2 0.89765625 0.15390625 0.2046875 0.2453125
2 0.3859375 0.33671875 0.5296875 0.3765625
2 0.65625 0.3734375 0.23671875 0.23828125
2 0.37109375 0.59140625 0.44609375 0.27890625
2 0.61171875 0.5953125 0.30546875 0.3125
2 0.34375 0.83046875 0.32421875 0.3234375
2 0.603125 0.82734375 0.309375 0.2765625
2 0.85625 0.3953125 0.28671875 0.3078125
2 0.83125 0.61875 0.33671875 0.28515625
2 0.83515625 0.81796875 0.3296875 0.2296875