0 0.321875 0.171875 0.19765625 0.1578125
0 0.59140625 0.17734375 0.215625 0.10234375
0 0.83828125 0.20078125 0.178125 0.09765625
0 0.3328125 0.41015625 0.20234375 0.19765625
0 0.61484375 0.42265625 0.21953125 0.10390625
0 0.84609375 0.41875 0.1296875 0.11171875
0 0.40703125 0.61875 0.18046875 0.1515625
0 0.628125 0.62421875 0.2515625 0.1515625
0 0.8046875 0.64140625 0.16875 0.15234375
0 0.36328125 0.853125 0.23515625 0.12421875
0 0.62109375 0.84609375 0.1734375 0.12890625
0 0.8515625 0.8484375 0.14453125 0.14453125