1 0.32734375 0.15 0.38359375 0.1875
1 0.65 0.18125 0.34921875 0.290625
1 0.88515625 0.2015625 0.2296875 0.228125
1 0.315625 0.3734375 0.37109375 0.30078125
1 0.63828125 0.3859375 0.284375 0.18984375
1 0.86015625 0.4265625 0.2484375 0.23359375
1 0.36953125 0.59140625 0.40546875 0.27109375
1 0.6171875 0.59921875 0.325 0.3203125
1 0.85234375 0.640625 0.2953125 0.240625
1 0.36015625 0.84765625 0.34453125 0.246875
1 0.59453125 0.834375 0.31328125 0.23203125
1 0.83828125 0.83984375 0.3234375 0.2046875