1 0.3359375 0.16171875 0.41328125 0.234375
1 0.6671875 0.16328125 0.3671875 0.30625
1 0.8890625 0.171875 0.221875 0.28828125
1 0.3953125 0.346875 0.53515625 0.353125
1 0.66953125 0.35703125 0.26328125 0.19453125
1 0.86640625 0.39453125 0.2671875 0.3046875
2 0.37265625 0.60078125 0.4328125 0.2703125
1 0.61953125 0.58984375 0.31328125 0.33359375
1 0.83984375 0.6296875 0.3203125 0.27734375
2 0.36328125 0.8359375 0.3515625 0.32734375
2 0.596875 0.8296875 0.30859375 0.265625
2 0.84140625 0.8203125 0.3171875 0.2171875