2 0.33203125 0.16484375 0.42109375 0.2546875
2 0.65 0.16640625 0.35234375 0.2875
2 0.884375 0.19296875 0.23125 0.2703125
2 0.38828125 0.36328125 0.54609375 0.34765625
2 0.659375 0.35703125 0.259375 0.1640625
2 0.86171875 0.40390625 0.2765625 0.2890625
2 0.37421875 0.59375 0.434375 0.26875
2 0.61015625 0.5921875 0.29453125 0.325
2 0.83359375 0.63203125 0.3328125 0.2671875
2 0.3546875 0.83359375 0.3421875 0.32265625
2 0.59765625 0.81953125 0.303125 0.27109375
2 0.83828125 0.81953125 0.3234375 0.2171875