0 0.340625 0.19765625 0.23828125 0.2015625
0 0.58828125 0.20078125 0.284375 0.19296875
0 0.85625 0.209375 0.23671875 0.13984375
0 0.359375 0.41640625 0.38046875 0.2171875
0 0.59453125 0.39609375 0.28046875 0.14609375
0 0.83359375 0.40859375 0.24140625 0.13203125
0 0.3703125 0.61875 0.28515625 0.17734375
0 0.63828125 0.615625 0.2921875 0.178125
0 0.809375 0.65703125 0.246875 0.20234375
0 0.33984375 0.85390625 0.30859375 0.16328125
0 0.61875 0.83828125 0.24453125 0.15
0 0.8625 0.85390625 0.23671875 0.1734375