2 0.30390625 0.13203125 0.3703125 0.2
2 0.6453125 0.14453125 0.36875 0.2875
2 0.88359375 0.1796875 0.23203125 0.2734375
2 0.37265625 0.3703125 0.49375 0.303125
2 0.64921875 0.33828125 0.234375 0.24609375
2 0.85859375 0.390625 0.2828125 0.3171875
2 0.38671875 0.59453125 0.4484375 0.27265625
2 0.62265625 0.57890625 0.28984375 0.34921875
2 0.853125 0.615625 0.29296875 0.28515625
2 0.3609375 0.8296875 0.35390625 0.31015625
2 0.6125 0.83125 0.32421875 0.25703125
2 0.83203125 0.81015625 0.3359375 0.2140625