0 0.34140625 0.18671875 0.23984375 0.209375
0 0.59296875 0.19609375 0.2765625 0.1921875
0 0.85390625 0.20234375 0.24453125 0.14453125
0 0.353125 0.4109375 0.39296875 0.22890625
0 0.6015625 0.3984375 0.26875 0.1671875
0 0.83203125 0.409375 0.2546875 0.13671875
0 0.365625 0.6171875 0.3046875 0.16640625
0 0.63671875 0.62109375 0.30546875 0.19375
0 0.80546875 0.65234375 0.2515625 0.2109375
0 0.33515625 0.85 0.3078125 0.165625
0 0.61796875 0.83828125 0.24296875 0.15
0 0.85859375 0.84921875 0.2375 0.1859375