0 0.32578125 0.165625 0.19296875 0.153125
0 0.6046875 0.1828125 0.1921875 0.109375
0 0.8296875 0.19375 0.19609375 0.10546875
0 0.3484375 0.4 0.18828125 0.20625
0 0.615625 0.4203125 0.22109375 0.109375
0 0.83359375 0.4203125 0.1578125 0.11796875
0 0.403125 0.6171875 0.18515625 0.159375
0 0.63046875 0.628125 0.2609375 0.14453125
0 0.80859375 0.63203125 0.17109375 0.13359375
0 0.36640625 0.84921875 0.23203125 0.13828125
0 0.61328125 0.8453125 0.184375 0.1328125
0 0.85390625 0.84765625 0.1484375 0.153125