0 0.2 0.1671875 0.1859375 0.1109375
0 0.475 0.1671875 0.17890625 0.09296875
0 0.728125 0.17890625 0.18515625 0.09375
0 0.203125 0.35703125 0.16875 0.13515625
0 0.46953125 0.40859375 0.22265625 0.090625
0 0.70234375 0.40390625 0.12421875 0.11171875
0 0.259375 0.6171875 0.16015625 0.13671875
0 0.47734375 0.63046875 0.2203125 0.13359375
0 0.68046875 0.6375 0.16796875 0.12265625
0 0.22265625 0.89765625 0.1828125 0.1125
0 0.46953125 0.89453125 0.1296875 0.1328125
0 0.71484375 0.8921875 0.13515625 0.14296875