0 0.74765625 0.121875 0.2109375 0.159375
0 0.47734375 0.1640625 0.2 0.13125
0 0.22890625 0.21015625 0.2078125 0.128125
0 0.78046875 0.3265625 0.19375 0.1859375
0 0.509375 0.3984375 0.2296875 0.1265625
0 0.27734375 0.43359375 0.1609375 0.1328125
0 0.7546875 0.57734375 0.1953125 0.1796875
0 0.53515625 0.61875 0.25625 0.175
0 0.3421875 0.66328125 0.178125 0.159375
0 0.8359375 0.85234375 0.23125 0.1546875
0 0.7203125 0.83046875 0.003125 0.0046875
0 0.584375 0.88359375 0.1796875 0.1546875
0 0.3421875 0.91640625 0.1625 0.1671875