0 0.7734375 0.13984375 0.203125 0.146875
0 0.50078125 0.16328125 0.19375 0.11875
0 0.25 0.19140625 0.203125 0.115625
0 0.79140625 0.34609375 0.1828125 0.175
0 0.51640625 0.39921875 0.225 0.1125
0 0.2828125 0.41796875 0.153125 0.1234375
0 0.7484375 0.59453125 0.1859375 0.16875
0 0.5265625 0.62109375 0.2484375 0.159375
0 0.33125 0.65234375 0.1703125 0.1484375
0 0.81015625 0.87421875 0.2234375 0.140625
0 0.69609375 0.8453125 0.003125 0.0046875
0 0.5578125 0.88828125 0.171875 0.1453125
0 0.31328125 0.90859375 0.153125 0.1640625