1 0.3296875 0.178125 0.3828125 0.240625
1 0.63203125 0.18515625 0.346875 0.28515625
1 0.8875 0.2046875 0.22421875 0.23125
1 0.31015625 0.371875 0.378125 0.2984375
1 0.63515625 0.39296875 0.278125 0.2046875
1 0.87265625 0.4265625 0.21953125 0.23828125
1 0.38671875 0.6265625 0.3984375 0.2484375
1 0.5953125 0.6046875 0.28515625 0.30546875
1 0.83203125 0.64609375 0.32109375 0.2359375
1 0.36640625 0.85546875 0.33203125 0.22890625
1 0.59140625 0.8484375 0.28203125 0.2109375
1 0.83515625 0.83984375 0.3296875 0.2140625