2 0.34296875 0.17578125 0.40234375 0.2546875
2 0.6640625 0.190625 0.36953125 0.29609375
2 0.89296875 0.19296875 0.2140625 0.25234375
2 0.33203125 0.371875 0.40859375 0.32109375
2 0.64765625 0.3953125 0.2609375 0.2125
2 0.87734375 0.421875 0.24453125 0.26875
2 0.38203125 0.60546875 0.425 0.2578125
2 0.6171875 0.6 0.28359375 0.31328125
2 0.82734375 0.63828125 0.3453125 0.26015625
2 0.3671875 0.83046875 0.37109375 0.30546875
2 0.59921875 0.8296875 0.30078125 0.23984375
2 0.84375 0.8328125 0.31171875 0.20390625