2 0.36328125 0.14296875 0.4515625 0.2859375
2 0.68828125 0.17734375 0.39375 0.3390625
2 0.8953125 0.21640625 0.209375 0.2953125
2 0.4015625 0.3328125 0.5734375 0.4078125
2 0.67578125 0.38515625 0.290625 0.2421875
2 0.84921875 0.42890625 0.3015625 0.3484375
2 0.36640625 0.5828125 0.46875 0.309375
2 0.603125 0.60546875 0.340625 0.3515625
2 0.85390625 0.6546875 0.2921875 0.309375
2 0.321875 0.80859375 0.38125 0.340625
2 0.58046875 0.83671875 0.3390625 0.296875
2 0.8015625 0.85078125 0.3484375 0.259375