2 0.33125 0.1703125 0.41875 0.25078125
2 0.65390625 0.1671875 0.390625 0.2921875
2 0.8875 0.19453125 0.22421875 0.26953125
2 0.38671875 0.36171875 0.54296875 0.34453125
2 0.6609375 0.36015625 0.2765625 0.18125
2 0.85703125 0.40546875 0.2859375 0.2890625
2 0.37109375 0.603125 0.4328125 0.28671875
2 0.621875 0.59140625 0.321875 0.3234375
2 0.83125 0.62734375 0.33671875 0.27265625
2 0.3640625 0.83515625 0.34765625 0.3203125
2 0.5984375 0.82109375 0.3125 0.26796875
2 0.83515625 0.82109375 0.3296875 0.2171875