0 0.34296875 0.18984375 0.246875 0.21171875
0 0.5953125 0.19921875 0.28515625 0.2125
0 0.86484375 0.20625 0.24140625 0.1484375
0 0.35859375 0.40390625 0.38203125 0.21484375
0 0.609375 0.39140625 0.2671875 0.1453125
0 0.81875 0.4140625 0.26171875 0.1421875
0 0.35546875 0.6109375 0.28125 0.19921875
0 0.59375 0.6171875 0.228125 0.2109375
0 0.81015625 0.65546875 0.26171875 0.2140625
0 0.3390625 0.84140625 0.3140625 0.1890625
0 0.6046875 0.84375 0.25234375 0.1640625
0 0.865625 0.85 0.2546875 0.1859375