2 0.3390625 0.19609375 0.39375 0.246875
2 0.63046875 0.20859375 0.36796875 0.26875
2 0.88125 0.22890625 0.2375 0.25703125
2 0.32734375 0.38125 0.42421875 0.3359375
2 0.64140625 0.40390625 0.26953125 0.2
2 0.86484375 0.434375 0.2703125 0.2734375
2 0.37109375 0.6328125 0.4203125 0.2765625
2 0.615625 0.61796875 0.31171875 0.31640625
2 0.821875 0.65546875 0.35546875 0.2546875
2 0.36484375 0.8453125 0.353125 0.30546875
2 0.5921875 0.8390625 0.3078125 0.25546875
2 0.83359375 0.84375 0.3328125 0.20859375