0 0.33046875 0.18828125 0.19375 0.1875
0 0.60390625 0.18359375 0.24453125 0.11796875
0 0.83515625 0.2015625 0.1859375 0.0984375
0 0.3421875 0.4265625 0.29140625 0.21171875
0 0.615625 0.41875 0.246875 0.1265625
0 0.840625 0.41953125 0.20078125 0.11640625
0 0.3984375 0.62109375 0.23515625 0.15234375
0 0.6515625 0.6265625 0.26875 0.14921875
0 0.80703125 0.6515625 0.18828125 0.17421875
0 0.35859375 0.85234375 0.2875 0.1453125
0 0.61953125 0.8484375 0.2125 0.13984375
0 0.86328125 0.85625 0.184375 0.15859375