1 0.33984375 0.1703125 0.41953125 0.24375
2 0.66484375 0.17890625 0.34921875 0.28984375
1 0.88984375 0.19140625 0.2203125 0.2671875
1 0.39140625 0.359375 0.54296875 0.33671875
1 0.6625 0.36015625 0.26640625 0.196875
1 0.86875 0.40703125 0.26171875 0.2953125
2 0.375 0.59453125 0.44140625 0.26640625
1 0.6171875 0.58984375 0.3046875 0.32421875
1 0.834375 0.63359375 0.33046875 0.26640625
2 0.3453125 0.83203125 0.31484375 0.3
2 0.60703125 0.83125 0.30859375 0.2421875
2 0.84375 0.82109375 0.31171875 0.2046875