2 0.33671875 0.16953125 0.3984375 0.2609375
2 0.6515625 0.184375 0.39453125 0.290625
1 0.88984375 0.1859375 0.2203125 0.2546875
1 0.38203125 0.36171875 0.52109375 0.3265625
1 0.65 0.37421875 0.2578125 0.17734375
1 0.86796875 0.41328125 0.2640625 0.27109375
2 0.37734375 0.60703125 0.43359375 0.265625
1 0.6390625 0.58125 0.23984375 0.2734375
1 0.82265625 0.6328125 0.3546875 0.2625
2 0.36640625 0.83203125 0.37421875 0.31171875
2 0.60390625 0.82734375 0.31953125 0.2421875
2 0.83984375 0.821875 0.3203125 0.2125