0 0.328125 0.1828125 0.20546875 0.18671875
0 0.60546875 0.18046875 0.2484375 0.11640625
0 0.83671875 0.19921875 0.18515625 0.10078125
0 0.34140625 0.42890625 0.28984375 0.2046875
0 0.61171875 0.41171875 0.2390625 0.1296875
0 0.8421875 0.41875 0.21328125 0.11796875
0 0.39921875 0.62109375 0.234375 0.15234375
0 0.6484375 0.62578125 0.27109375 0.15234375
0 0.8109375 0.65078125 0.19609375 0.1703125
0 0.35703125 0.853125 0.28046875 0.1390625
0 0.62109375 0.84140625 0.21640625 0.14140625
0 0.86796875 0.85390625 0.1765625 0.16015625