0 0.32421875 0.18828125 0.18046875 0.1828125
0 0.59765625 0.184375 0.23984375 0.10078125
0 0.8375 0.203125 0.19453125 0.0953125
0 0.34296875 0.4203125 0.26875 0.21328125
0 0.61015625 0.41796875 0.234375 0.12265625
0 0.84296875 0.41875 0.1890625 0.12109375
0 0.39921875 0.62421875 0.2234375 0.1546875
0 0.64296875 0.628125 0.2734375 0.15234375
0 0.7984375 0.6515625 0.17109375 0.16171875
0 0.3609375 0.85390625 0.2796875 0.12578125
0 0.6203125 0.84296875 0.1984375 0.140625
0 0.8609375 0.85546875 0.1796875 0.1578125