0 0.31015625 0.16796875 0.178125 0.15078125
0 0.60703125 0.18203125 0.1921875 0.1078125
0 0.84296875 0.196875 0.19296875 0.1046875
0 0.35 0.40234375 0.19140625 0.20390625
0 0.61953125 0.421875 0.22578125 0.10234375
0 0.8375 0.41640625 0.15703125 0.11015625
0 0.39921875 0.615625 0.18984375 0.16015625
0 0.62890625 0.62578125 0.25703125 0.1546875
0 0.8046875 0.634375 0.171875 0.14296875
0 0.36796875 0.8484375 0.2359375 0.1296875
0 0.61640625 0.8453125 0.178125 0.13359375
0 0.85078125 0.8484375 0.15078125 0.1546875