0 0.31796875 0.16640625 0.1859375 0.128125
0 0.60859375 0.184375 0.165625 0.10078125
0 0.84140625 0.19140625 0.18984375 0.10078125
0 0.35 0.37890625 0.16484375 0.15
0 0.62734375 0.42421875 0.20390625 0.0921875
0 0.85 0.41796875 0.14140625 0.11015625
0 0.40078125 0.61875 0.1671875 0.14765625
0 0.62265625 0.6265625 0.23671875 0.14140625
0 0.81640625 0.63359375 0.16953125 0.1265625
0 0.3703125 0.8484375 0.2015625 0.1265625
0 0.61875 0.84453125 0.14453125 0.1328125
0 0.85078125 0.8453125 0.1265625 0.1421875