1 0.32421875 0.17890625 0.3234375 0.2390625
1 0.59453125 0.18671875 0.3 0.26171875
1 0.85703125 0.20390625 0.24140625 0.1953125
1 0.378125 0.3625 0.53515625 0.33125
1 0.6484375 0.36484375 0.27109375 0.184375
1 0.86171875 0.4140625 0.2765625 0.2640625
1 0.37265625 0.6359375 0.353125 0.23828125
1 0.60234375 0.6015625 0.28359375 0.328125
1 0.81640625 0.65234375 0.36171875 0.234375
1 0.36015625 0.834375 0.328125 0.3125
1 0.58046875 0.85390625 0.29375 0.203125
1 0.82890625 0.83671875 0.3421875 0.2109375