1 0.33671875 0.16953125 0.4015625 0.24921875
1 0.6546875 0.17890625 0.35546875 0.2796875
1 0.8890625 0.1984375 0.221875 0.25546875
1 0.37890625 0.3578125 0.5109375 0.32890625
1 0.653125 0.38125 0.25546875 0.20234375
1 0.86484375 0.40703125 0.2703125 0.27734375
1 0.37578125 0.60234375 0.42109375 0.2671875
1 0.61328125 0.59453125 0.284375 0.31484375
1 0.82734375 0.63203125 0.3453125 0.25546875
1 0.36328125 0.83359375 0.34609375 0.31796875
1 0.6 0.821875 0.30234375 0.2546875
1 0.83515625 0.825 0.3296875 0.20625