0 0.34375 0.18203125 0.23203125 0.21484375
0 0.590625 0.19140625 0.2546875 0.1671875
0 0.84765625 0.203125 0.21953125 0.11328125
0 0.34609375 0.4046875 0.3625 0.2203125
0 0.60859375 0.39765625 0.27109375 0.1421875
0 0.834375 0.41171875 0.25078125 0.11171875
0 0.375 0.615625 0.275 0.1484375
0 0.63828125 0.6125 0.28828125 0.16875
0 0.79765625 0.653125 0.22734375 0.19453125
0 0.34453125 0.85390625 0.3171875 0.1546875
0 0.62578125 0.83671875 0.24296875 0.15390625
0 0.8609375 0.85 0.23359375 0.17734375