0 0.20078125 0.15859375 0.1765625 0.10859375
0 0.475 0.1671875 0.165625 0.096875
0 0.728125 0.17421875 0.1890625 0.103125
0 0.19921875 0.3609375 0.16015625 0.1328125
0 0.478125 0.40703125 0.20546875 0.09453125
0 0.7046875 0.40234375 0.12578125 0.11171875
0 0.25703125 0.61640625 0.1546875 0.1375
0 0.46484375 0.63046875 0.203125 0.13125
0 0.67578125 0.6359375 0.1765625 0.11640625
0 0.21640625 0.89609375 0.18984375 0.1140625
0 0.46328125 0.89140625 0.13515625 0.13046875
0 0.715625 0.8875 0.1265625 0.140625