0 0.3375 0.1875 0.22421875 0.221875
0 0.58984375 0.18359375 0.26953125 0.15234375
0 0.83984375 0.19765625 0.2125 0.1125
0 0.34375 0.4109375 0.3515625 0.2171875
0 0.59375 0.39453125 0.26171875 0.13984375
0 0.846875 0.415625 0.23828125 0.10390625
0 0.375 0.61328125 0.2578125 0.14453125
0 0.64453125 0.6203125 0.309375 0.15078125
0 0.79140625 0.6546875 0.228125 0.1890625
0 0.34765625 0.84765625 0.3265625 0.13828125
0 0.6265625 0.83671875 0.23203125 0.14765625
0 0.8671875 0.85078125 0.24140625 0.17578125