0 0.3203125 0.16328125 0.2015625 0.13359375
0 0.60625 0.18125 0.1734375 0.10625
0 0.8421875 0.1921875 0.196875 0.10546875
0 0.3484375 0.37734375 0.17109375 0.15390625
0 0.628125 0.42109375 0.20546875 0.10078125
0 0.85390625 0.41640625 0.13671875 0.1171875
0 0.40078125 0.615625 0.17109375 0.153125
0 0.625 0.625 0.24140625 0.14140625
0 0.81640625 0.634375 0.178125 0.128125
0 0.36328125 0.85078125 0.2015625 0.13125
0 0.61796875 0.84140625 0.15625 0.14140625
0 0.85546875 0.8453125 0.13125 0.15390625