0 0.32578125 0.17734375 0.2046875 0.18359375
0 0.603125 0.17578125 0.24296875 0.12109375
0 0.834375 0.1984375 0.19296875 0.103125
0 0.340625 0.428125 0.31796875 0.20703125
0 0.6125 0.4125 0.23359375 0.121875
0 0.8375 0.41796875 0.21640625 0.1203125
0 0.40078125 0.61875 0.23046875 0.15078125
0 0.6484375 0.6203125 0.27109375 0.159375
0 0.7984375 0.64453125 0.18828125 0.1734375
0 0.3546875 0.85390625 0.2828125 0.140625
0 0.61953125 0.84375 0.215625 0.1390625
0 0.86328125 0.85234375 0.184375 0.16328125