0 0.31640625 0.16640625 0.20234375 0.128125
0 0.60234375 0.18359375 0.178125 0.103125
0 0.8390625 0.19140625 0.19375 0.09765625
0 0.35078125 0.378125 0.1703125 0.1515625
0 0.63125 0.42265625 0.20703125 0.10390625
0 0.8515625 0.41640625 0.14453125 0.11015625
0 0.40625 0.61484375 0.1734375 0.15078125
0 0.62265625 0.62421875 0.24375 0.1484375
0 0.8171875 0.6328125 0.175 0.13125
0 0.36875 0.84921875 0.2078125 0.1234375
0 0.6171875 0.84609375 0.15078125 0.13515625
0 0.85 0.84453125 0.128125 0.14765625