1 0.3328125 0.18984375 0.3765625 0.21953125
1 0.61875 0.196875 0.34453125 0.25625
1 0.86796875 0.21484375 0.2640625 0.20625
1 0.3734375 0.37109375 0.48828125 0.296875
1 0.6546875 0.3921875 0.2625 0.19140625
1 0.88125 0.421875 0.23671875 0.2359375
1 0.38125 0.634375 0.3734375 0.23125
1 0.596875 0.6109375 0.26796875 0.28828125
1 0.8265625 0.64453125 0.3359375 0.21796875
1 0.3578125 0.84765625 0.30625 0.20234375
1 0.59296875 0.83828125 0.28046875 0.21640625
1 0.84375 0.8484375 0.29453125 0.18671875